[gd_scene load_steps=52 format=3 uid="uid://cn6lwhprfcw8p"]

[ext_resource type="Environment" uid="uid://bqnqgflivjvue" path="res://scenes/main-environment.tres" id="1_kcglc"]
[ext_resource type="PackedScene" uid="uid://dl2ed4gkybggf" path="res://objects/player.tscn" id="2_37wyt"]
[ext_resource type="Script" path="res://scripts/view.gd" id="3_wrtnd"]
[ext_resource type="PackedScene" uid="uid://dhxok27jxvik8" path="res://objects/flag.tscn" id="4_qtsne"]
[ext_resource type="PackedScene" uid="uid://cxea8lmw7cy1l" path="res://objects/player_kill_volume.tscn" id="5_op141"]
[ext_resource type="PackedScene" uid="uid://dwvhgrcyestak" path="res://objects/trap_spikes.tscn" id="6_yen03"]
[ext_resource type="PackedScene" uid="uid://uqr4hswv6d2g" path="res://objects/platform_grass_large_round.tscn" id="7_q1btt"]
[ext_resource type="PackedScene" uid="uid://rjh4ifidqrfp" path="res://objects/platform_medium.tscn" id="8_hs4h1"]
[ext_resource type="PackedScene" uid="uid://cnymdajj1vsqm" path="res://objects/platform.tscn" id="9_vw5aa"]
[ext_resource type="PackedScene" uid="uid://bdm3quh21j64k" path="res://objects/platform_large.tscn" id="10_82idt"]
[ext_resource type="PackedScene" uid="uid://cmkdwrjcbf2o1" path="res://models/props/arrow.glb" id="11_b6pql"]
[ext_resource type="PackedScene" uid="uid://dy017k58p20sk" path="res://objects/cloud.tscn" id="12_qp5c8"]
[ext_resource type="PackedScene" uid="uid://cyvet7kb6y80r" path="res://objects/checkpoint.tscn" id="13_ashis"]
[ext_resource type="PackedScene" uid="uid://0v6t454aaexr" path="res://objects/door.tscn" id="14_b74fa"]
[ext_resource type="PackedScene" uid="uid://g73m8k0j7lyo" path="res://objects/button.tscn" id="15_xnb6f"]
[ext_resource type="PackedScene" uid="uid://bpharv43ulngb" path="res://objects/platform_moving.tscn" id="16_j4wpn"]
[ext_resource type="PackedScene" uid="uid://bs65o07otxbmm" path="res://objects/moving_object_path_3d.tscn" id="17_i2il3"]
[ext_resource type="PackedScene" uid="uid://dbr3dh46cbskt" path="res://objects/wall.tscn" id="18_qw5bh"]
[ext_resource type="PackedScene" uid="uid://c8up71en5djgm" path="res://objects/platform_falling.tscn" id="19_8lraf"]
[ext_resource type="PackedScene" uid="uid://dfpisimsgf5ce" path="res://objects/coin.tscn" id="20_we4bq"]
[ext_resource type="PackedScene" uid="uid://f4whuhhowomq" path="res://scenes/glide_pickup.tscn" id="21_8b27i"]
[ext_resource type="Script" path="res://scripts/hud.gd" id="22_adph7"]
[ext_resource type="Texture2D" uid="uid://cd7oyc56ehkx1" path="res://sprites/coin.png" id="23_2dryu"]
[ext_resource type="LabelSettings" uid="uid://daohhjonjrdx8" path="res://themes/label_settings.tres" id="24_sbhuv"]
[ext_resource type="FontFile" uid="uid://d0cxd77jybrcn" path="res://fonts/lilita_one_regular.ttf" id="25_2axlb"]
[ext_resource type="Theme" uid="uid://d3avl0mr4r87l" path="res://themes/default_theme.tres" id="26_r156k"]
[ext_resource type="Texture2D" uid="uid://dm50aa4qogm65" path="res://sprites/button_rectangle_depth_gloss.png" id="27_5d1ak"]
[ext_resource type="PackedScene" uid="uid://2mug4sfl3sq1" path="res://featherText.tscn" id="28_yr346"]
[ext_resource type="PackedScene" uid="uid://s1bbwujq22dg" path="res://models/props/block-grass-large-tall.glb" id="29_v8niv"]
[ext_resource type="PackedScene" uid="uid://dmequtx2oso1f" path="res://models/props/rocks.glb" id="30_fsuom"]
[ext_resource type="PackedScene" uid="uid://c5qtt78tj7efw" path="res://grassblock.tscn" id="32_77u1k"]
[ext_resource type="PackedScene" uid="uid://bxktha7yihaav" path="res://tree.tscn" id="32_db1o0"]

[sub_resource type="CameraAttributesPractical" id="CameraAttributesPractical_u8ojw"]
auto_exposure_scale = 0.75
dof_blur_far_distance = 0.01

[sub_resource type="Curve3D" id="Curve3D_vpjpt"]
_data = {
"points": PackedVector3Array(0, 0, 0, 0, 0, 0, -55.528, 14, -57, 0, 0, 0, 0, 0, 0, -55.528, 14, -67),
"tilts": PackedFloat32Array(0, 0)
}
point_count = 2

[sub_resource type="Curve3D" id="Curve3D_hlav2"]
_data = {
"points": PackedVector3Array(0, 0, 0, 0, 0, 0, -58.528, 14, -70, 0, 0, 0, 0, 0, 0, -64.528, 14, -70),
"tilts": PackedFloat32Array(0, 0)
}
point_count = 2

[sub_resource type="Curve3D" id="Curve3D_7htge"]
_data = {
"points": PackedVector3Array(0, 0, 0, 0, 0, 0, -147, 29, -47, 0, 0, 0, 0, 0, 0, -147, 29, -58),
"tilts": PackedFloat32Array(0, 0)
}
point_count = 2

[sub_resource type="Curve3D" id="Curve3D_8wcac"]
_data = {
"points": PackedVector3Array(0, 0, 0, 0, 0, 0, -158, 29, -44, 0, 0, 0, 0, 0, 0, -150, 29, -44),
"tilts": PackedFloat32Array(0, 0)
}
point_count = 2

[sub_resource type="Curve3D" id="Curve3D_flkce"]
_data = {
"points": PackedVector3Array(0, 0, 0, 0, 0, 0, -161, 37.5, -35, 0, 0, 0, 0, 0, 0, -161, 29.5, -35),
"tilts": PackedFloat32Array(0, 0)
}
point_count = 2

[sub_resource type="Curve3D" id="Curve3D_8i4g1"]
_data = {
"points": PackedVector3Array(0, 0, 0, 0, 0, 0, -144.5, 18, 109.5, 0, 0, 0, 0, 0, 0, -144.5, 24, 109.5),
"tilts": PackedFloat32Array(0, 0)
}
point_count = 2

[sub_resource type="Curve3D" id="Curve3D_bh1sv"]
_data = {
"points": PackedVector3Array(0, 0, 0, 0, 0, 0, -154.5, 24, 109.5, 0, 0, 0, 0, 0, 0, -154.5, 18, 109.5),
"tilts": PackedFloat32Array(0, 0)
}
point_count = 2

[sub_resource type="Curve3D" id="Curve3D_qbiej"]
_data = {
"points": PackedVector3Array(0, 0, 0, 0, 0, 0, -144.5, 21, 126.5, 0, 0, 0, 0, 0, 0, -144.5, 12, 126.5),
"tilts": PackedFloat32Array(0, 0)
}
point_count = 2

[sub_resource type="Curve3D" id="Curve3D_a4uht"]
_data = {
"points": PackedVector3Array(0, 0, 0, 0, 0, 0, -154.5, 12, 126.5, 0, 0, 0, 0, 0, 0, -154.5, 21, 126.5),
"tilts": PackedFloat32Array(0, 0)
}
point_count = 2

[sub_resource type="LabelSettings" id="LabelSettings_ri8jt"]
font = ExtResource("25_2axlb")
font_size = 128
shadow_color = Color(0, 0, 0, 0.376471)
shadow_offset = Vector2(2, 2)

[sub_resource type="LabelSettings" id="LabelSettings_x4d2s"]
font = ExtResource("25_2axlb")
font_size = 32
shadow_color = Color(0, 0, 0, 0.376471)
shadow_offset = Vector2(2, 2)

[sub_resource type="LabelSettings" id="LabelSettings_v6r7m"]
font = ExtResource("25_2axlb")
font_size = 42
shadow_color = Color(0, 0, 0, 0.376471)
shadow_offset = Vector2(2, 2)

[sub_resource type="CylinderMesh" id="CylinderMesh_q3lpi"]

[sub_resource type="StandardMaterial3D" id="StandardMaterial3D_cwq4p"]
albedo_color = Color(0.545098, 0.270588, 0.0745098, 1)

[sub_resource type="BoxMesh" id="BoxMesh_l4fgj"]

[sub_resource type="StandardMaterial3D" id="StandardMaterial3D_j7a1x"]
albedo_color = Color(0.0980392, 0.458824, 1, 1)

[sub_resource type="SphereMesh" id="SphereMesh_om2jj"]

[sub_resource type="StandardMaterial3D" id="StandardMaterial3D_2d6ph"]
albedo_color = Color(0.027451, 0.47451, 0, 1)

[node name="Main" type="Node3D"]

[node name="Environment" type="WorldEnvironment" parent="."]
unique_name_in_owner = true
environment = ExtResource("1_kcglc")
camera_attributes = SubResource("CameraAttributesPractical_u8ojw")

[node name="Player" parent="." node_paths=PackedStringArray("view") instance=ExtResource("2_37wyt")]
transform = Transform3D(-0.756995, 0, 0.653421, 0, 1, 0, -0.653421, 0, -0.756995, -66.6767, 10.695, -21.8254)
view = NodePath("../View")

[node name="View" type="Node3D" parent="." node_paths=PackedStringArray("target") groups=["View"]]
process_mode = 3
transform = Transform3D(0.707107, -0.298836, 0.640856, 0, 0.906308, 0.422618, -0.707107, -0.298836, 0.640856, 0, 0, 0)
script = ExtResource("3_wrtnd")
target = NodePath("../Player")

[node name="Camera" type="Camera3D" parent="View"]
transform = Transform3D(1, 0, 0, 0, 1, 0, 0, 0, 1, 0, 0, 10)
current = true
fov = 40.0

[node name="World" type="Node3D" parent="."]

[node name="flag" parent="World" instance=ExtResource("4_qtsne")]
transform = Transform3D(-0.0221639, 0, 0.999755, 0, 1, 0, -0.999755, 0, -0.0221639, -150.303, 13.3198, 152.518)

[node name="player_kill_volume" parent="World" instance=ExtResource("5_op141")]
transform = Transform3D(1, 0, 0, 0, 1, 0, 0, 0, 1, 0, -3, 0)
death_height = -3.0

[node name="trap-spikes90" parent="World" instance=ExtResource("6_yen03")]
transform = Transform3D(98.4, 0, 0, 0, 3, 0, 0, 0, 181.5, -154.503, 18.7152, 2.08448)
visible = false

[node name="trap-spikes92" parent="World" instance=ExtResource("6_yen03")]
transform = Transform3D(98.4, 0, 0, 0, 3, 0, 0, 0, 181.5, -154.503, 16.7152, -103.916)
visible = false

[node name="trap-spikes93" parent="World" instance=ExtResource("6_yen03")]
transform = Transform3D(98.4, 0, 0, 0, 3, 0, 0, 0, 181.5, -112.503, 14.7152, -103.916)
visible = false

[node name="trap-spikes94" parent="World" instance=ExtResource("6_yen03")]
transform = Transform3D(98.4, 0, 0, 0, 3, 0, 0, 0, 181.5, -103.911, 13.6511, -103.916)
visible = false

[node name="trap-spikes91" parent="World" instance=ExtResource("6_yen03")]
transform = Transform3D(98.4, 0, 0, 0, 3, 0, 0, 0, 181.5, -154.503, 8.71517, 95.0845)
visible = false

[node name="GrassPlatforms" type="Node" parent="World"]

[node name="platform-grass-large-round" parent="World/GrassPlatforms" instance=ExtResource("7_q1btt")]
transform = Transform3D(1, 0, 0, 0, 1, 0, 0, 0, 1, -0.498435, 1.04456, 6.24435)

[node name="platform-grass-large-round3" parent="World/GrassPlatforms" instance=ExtResource("7_q1btt")]
transform = Transform3D(-0.989085, 0, 0.147343, 0, 1, 0, -0.147343, 0, -0.989085, -2.63518, 0.951342, 3.40817)

[node name="platform-grass-large-round6" parent="World/GrassPlatforms" instance=ExtResource("7_q1btt")]
transform = Transform3D(-0.989085, 0, 0.147343, 0, 1, 0, -0.147343, 0, -0.989085, -7.88747, 0.951342, 6.2595)

[node name="platform-grass-large-round9" parent="World/GrassPlatforms" instance=ExtResource("7_q1btt")]
transform = Transform3D(-0.989085, 0, 0.147343, 0, 1, 0, -0.147343, 0, -0.989085, -10.1713, 0.930827, 2.59043)

[node name="platform-grass-large-round5" parent="World/GrassPlatforms" instance=ExtResource("7_q1btt")]
transform = Transform3D(-0.989085, 0, 0.147343, 0, 1, 0, -0.147343, 0, -0.989085, -4.20027, 1.00478, 6.99459)

[node name="platform-grass-large-round7" parent="World/GrassPlatforms" instance=ExtResource("7_q1btt")]
transform = Transform3D(-0.989085, 0, 0.147343, 0, 1, 0, -0.147343, 0, -0.989085, -6.30313, 1.00478, 2.68687)

[node name="platform-grass-large-round8" parent="World/GrassPlatforms" instance=ExtResource("7_q1btt")]
transform = Transform3D(-0.989085, 0, 0.147343, 0, 1, 0, -0.147343, 0, -0.989085, -11.4484, 1.00478, 6.49883)

[node name="platform-grass-large-round39" parent="World/GrassPlatforms" instance=ExtResource("7_q1btt")]
transform = Transform3D(-0.989085, 0, 0.147343, 0, 1, 0, -0.147343, 0, -0.989085, -8.6945, 0.973298, 8.65479)

[node name="platform-grass-large-round11" parent="World/GrassPlatforms" instance=ExtResource("7_q1btt")]
transform = Transform3D(-2.96726, 0, 0.442029, 0, 3, 0, -0.442029, 0, -2.96726, -144.695, 25.0048, -26.3452)

[node name="platform-grass-large-round12" parent="World/GrassPlatforms" instance=ExtResource("7_q1btt")]
transform = Transform3D(-2.96726, 0, 0.442029, 0, 3, 0, -0.442029, 0, -2.96726, -155.695, 24.9889, -26.3452)

[node name="platform-grass-large-round14" parent="World/GrassPlatforms" instance=ExtResource("7_q1btt")]
transform = Transform3D(-2.96726, 0, 0.442029, 0, 3, 0, -0.442029, 0, -2.96726, -145.695, 24.9631, -34.3452)

[node name="platform-grass-large-round15" parent="World/GrassPlatforms" instance=ExtResource("7_q1btt")]
transform = Transform3D(-2.96726, 0, 0.442029, 0, 3, 0, -0.442029, 0, -2.96726, -143.223, 24.9317, -44.9381)

[node name="platform-grass-large-round16" parent="World/GrassPlatforms" instance=ExtResource("7_q1btt")]
transform = Transform3D(-2.96726, 0, 0.442029, 0, 3, 0, -0.442029, 0, -2.96726, -154.826, 24.8955, -44.8084)

[node name="platform-grass-large-round13" parent="World/GrassPlatforms" instance=ExtResource("7_q1btt")]
transform = Transform3D(-2.96726, 0, 0.442029, 0, 3, 0, -0.442029, 0, -2.96726, -158.695, 24.9705, -37.3452)

[node name="platform-grass-large-round4" parent="World/GrassPlatforms" instance=ExtResource("7_q1btt")]
transform = Transform3D(-0.294924, 0, 0.955521, 0, 1, 0, -0.955521, 0, -0.294924, 0.406457, 0.754891, 5.06137)

[node name="platform-grass-large-round10" parent="World/GrassPlatforms" instance=ExtResource("7_q1btt")]
transform = Transform3D(-0.294924, 0, 0.955521, 0, 1, 0, -0.955521, 0, -0.294924, -0.275024, 0.754891, 9.09229)

[node name="platform-grass-large-round2" parent="World/GrassPlatforms" instance=ExtResource("7_q1btt")]
transform = Transform3D(0.922242, 0, -0.386614, 0, 1, 0, 0.386614, 0, 0.922242, 4.22485, 1.03281, 15.3493)

[node name="platform-grass-large-round17" parent="World/GrassPlatforms" instance=ExtResource("7_q1btt")]
transform = Transform3D(-0.85521, 0, 0.51828, 0, 1, 0, -0.51828, 0, -0.85521, 3.35076, 0.939588, 11.9076)

[node name="platform-grass-large-round18" parent="World/GrassPlatforms" instance=ExtResource("7_q1btt")]
transform = Transform3D(-0.85521, 0, 0.51828, 0, 1, 0, -0.51828, 0, -0.85521, -2.59549, 0.939588, 12.5066)

[node name="platform-grass-large-round19" parent="World/GrassPlatforms" instance=ExtResource("7_q1btt")]
transform = Transform3D(-0.85521, 0, 0.51828, 0, 1, 0, -0.51828, 0, -0.85521, -3.12588, 0.965672, 7.84073)

[node name="platform-grass-large-round20" parent="World/GrassPlatforms" instance=ExtResource("7_q1btt")]
transform = Transform3D(-0.85521, 0, 0.51828, 0, 1, 0, -0.51828, 0, -0.85521, 0.520807, 0.993026, 14.61)

[node name="platform-grass-large-round21" parent="World/GrassPlatforms" instance=ExtResource("7_q1btt")]
transform = Transform3D(-0.85521, 0, 0.51828, 0, 1, 0, -0.51828, 0, -0.85521, 0.246889, 0.993026, 9.82426)

[node name="platform-grass-large-round22" parent="World/GrassPlatforms" instance=ExtResource("7_q1btt")]
transform = Transform3D(-0.85521, 0, 0.51828, 0, 1, 0, -0.51828, 0, -0.85521, -5.8727, 0.993026, 10.477)

[node name="platform-grass-large-round23" parent="World/GrassPlatforms" instance=ExtResource("7_q1btt")]
transform = Transform3D(0.097427, 0, 0.995243, 0, 1, 0, -0.995243, 0, 0.097427, 5.51673, 0.743137, 14.6081)

[node name="platform-grass-large-round24" parent="World/GrassPlatforms" instance=ExtResource("7_q1btt")]
transform = Transform3D(0.097427, 0, 0.995243, 0, 1, 0, -0.995243, 0, 0.097427, 3.32983, 0.743137, 18.0622)

[node name="platform-grass-large-round33" parent="World/GrassPlatforms" instance=ExtResource("7_q1btt")]
transform = Transform3D(-0.636913, 0, -0.770936, 0, 1, 0, 0.770936, 0, -0.636913, 7.41595, 0.97403, 17.111)

[node name="platform-grass-large-round34" parent="World/GrassPlatforms" instance=ExtResource("7_q1btt")]
transform = Transform3D(0.743553, 0, 0.668677, 0, 1, 0, -0.668677, 0, 0.743553, 10.9634, 0.939588, 17.2701)

[node name="platform-grass-large-round35" parent="World/GrassPlatforms" instance=ExtResource("7_q1btt")]
transform = Transform3D(0.743553, 0, 0.668677, 0, 1, 0, -0.668677, 0, 0.743553, 12.1104, 0.939588, 11.4048)

[node name="platform-grass-large-round36" parent="World/GrassPlatforms" instance=ExtResource("7_q1btt")]
transform = Transform3D(0.743553, 0, 0.668677, 0, 1, 0, -0.668677, 0, 0.743553, 9.19531, 0.993026, 13.7792)

[node name="platform-grass-large-round37" parent="World/GrassPlatforms" instance=ExtResource("7_q1btt")]
transform = Transform3D(0.743553, 0, 0.668677, 0, 1, 0, -0.668677, 0, 0.743553, 13.8556, 0.993026, 14.9017)

[node name="platform-grass-large-round38" parent="World/GrassPlatforms" instance=ExtResource("7_q1btt")]
transform = Transform3D(0.924486, 0, -0.381216, 0, 1, 0, 0.381216, 0, 0.924486, 7.75162, 0.720978, 18.562)

[node name="platform-grass-large-round40" parent="World/GrassPlatforms" instance=ExtResource("7_q1btt")]
transform = Transform3D(0.471397, 0, -0.881921, 0, 1, 0, 0.881921, 0, 0.471397, 15.4451, 1.03281, 11.0673)

[node name="platform-grass-large-round41" parent="World/GrassPlatforms" instance=ExtResource("7_q1btt")]
transform = Transform3D(-0.336307, 0, 0.941752, 0, 1, 0, -0.941752, 0, -0.336307, 16.9391, 0.939588, 7.84586)

[node name="platform-grass-large-round42" parent="World/GrassPlatforms" instance=ExtResource("7_q1btt")]
transform = Transform3D(-0.336307, 0, 0.941752, 0, 1, 0, -0.941752, 0, -0.336307, 11.9485, 0.939588, 4.55786)

[node name="platform-grass-large-round43" parent="World/GrassPlatforms" instance=ExtResource("7_q1btt")]
transform = Transform3D(-0.336307, 0, 0.941752, 0, 1, 0, -0.941752, 0, -0.336307, 13.0384, 0.993026, 8.1562)

[node name="platform-grass-large-round44" parent="World/GrassPlatforms" instance=ExtResource("7_q1btt")]
transform = Transform3D(-0.336307, 0, 0.941752, 0, 1, 0, -0.941752, 0, -0.336307, 15.8462, 0.993026, 4.271)

[node name="platform-grass-large-round47" parent="World/GrassPlatforms" instance=ExtResource("7_q1btt")]
transform = Transform3D(-0.336307, 0, 0.941752, 0, 1, 0, -0.941752, 0, -0.336307, 10.3145, 1.01215, 1.76911)

[node name="platform-grass-large-round45" parent="World/GrassPlatforms" instance=ExtResource("7_q1btt")]
transform = Transform3D(0.703668, 0, 0.710529, 0, 1, 0, -0.710529, 0, 0.703668, 16.9149, 0.743137, 11.3077)

[node name="platform-grass-large-round46" parent="World/GrassPlatforms" instance=ExtResource("7_q1btt")]
transform = Transform3D(0.703668, 0, 0.710529, 0, 1, 0, -0.710529, 0, 0.703668, 13.0387, 0.743137, 12.6068)

[node name="platform-grass-large-round25" parent="World/GrassPlatforms" instance=ExtResource("7_q1btt")]
transform = Transform3D(0.865589, 0, 0.500756, 0, 1, 0, -0.500756, 0, 0.865589, 9.6043, 1.03281, -2.20442)

[node name="platform-grass-large-round48" parent="World/GrassPlatforms" instance=ExtResource("7_q1btt")]
transform = Transform3D(0.865589, 0, 0.500756, 0, 1, 0, -0.500756, 0, 0.865589, 14.1032, 0.904085, 1.6847)

[node name="platform-grass-large-round26" parent="World/GrassPlatforms" instance=ExtResource("7_q1btt")]
transform = Transform3D(-0.929924, 0, -0.367751, 0, 1, 0, 0.367751, 0, -0.929924, 6.33453, 0.939588, -3.5894)

[node name="platform-grass-large-round27" parent="World/GrassPlatforms" instance=ExtResource("7_q1btt")]
transform = Transform3D(-0.929924, 0, -0.367751, 0, 1, 0, 0.367751, 0, -0.929924, 3.21602, 0.939588, 1.5088)

[node name="platform-grass-large-round28" parent="World/GrassPlatforms" instance=ExtResource("7_q1btt")]
transform = Transform3D(-0.929924, 0, -0.367751, 0, 1, 0, 0.367751, 0, -0.929924, 6.77572, 0.993026, 0.298697)

[node name="platform-grass-large-round29" parent="World/GrassPlatforms" instance=ExtResource("7_q1btt")]
transform = Transform3D(-0.929924, 0, -0.367751, 0, 1, 0, 0.367751, 0, -0.929924, 2.79839, 0.993026, -2.377)

[node name="platform-grass-large-round30" parent="World/GrassPlatforms" instance=ExtResource("7_q1btt")]
transform = Transform3D(-0.929924, 0, -0.367751, 0, 1, 0, 0.367751, 0, -0.929924, -0.411396, 0.993026, 1.11426)

[node name="platform-grass-large-round31" parent="World/GrassPlatforms" instance=ExtResource("7_q1btt")]
transform = Transform3D(-0.733765, 0, 0.679403, 0, 1, 0, -0.679403, 0, -0.733765, 9.79518, 0.743137, -3.68152)

[node name="platform-grass-large-round32" parent="World/GrassPlatforms" instance=ExtResource("7_q1btt")]
transform = Transform3D(-0.733765, 0, 0.679403, 0, 1, 0, -0.679403, 0, -0.733765, 11.2238, 0.743137, 0.148854)

[node name="MediumPlatforms" type="Node" parent="World"]

[node name="platform-medium8" parent="World/MediumPlatforms" instance=ExtResource("8_hs4h1")]
transform = Transform3D(-2.98023e-08, 0, -1, 0, 1, 0, 1, 0, -2.98023e-08, -55.5, 14, -70)

[node name="platform-medium10" parent="World/MediumPlatforms" instance=ExtResource("8_hs4h1")]
transform = Transform3D(-2.98023e-08, 0, -1, 0, 1, 0, 1, 0, -2.98023e-08, -67.5, 14, -70)

[node name="platform-medium11" parent="World/MediumPlatforms" instance=ExtResource("8_hs4h1")]
transform = Transform3D(-2.98023e-08, 0, -1, 0, 1, 0, 1, 0, -2.98023e-08, -67.5, 14, -67)

[node name="platform-medium12" parent="World/MediumPlatforms" instance=ExtResource("8_hs4h1")]
transform = Transform3D(-2.98023e-08, 0, -1, 0, 1, 0, 1, 0, -2.98023e-08, -70.5, 20, -54)

[node name="platform-medium14" parent="World/MediumPlatforms" instance=ExtResource("8_hs4h1")]
transform = Transform3D(-2.98023e-08, 0, -1, 0, 1, 0, 1, 0, -2.98023e-08, -70.5, 20, -57)

[node name="platform-medium15" parent="World/MediumPlatforms" instance=ExtResource("8_hs4h1")]
transform = Transform3D(-2.98023e-08, 0, -1, 0, 1, 0, 1, 0, -2.98023e-08, -70.5, 20, -60)

[node name="platform-medium16" parent="World/MediumPlatforms" instance=ExtResource("8_hs4h1")]
transform = Transform3D(-2.98023e-08, 0, -1, 0, 1, 0, 1, 0, -2.98023e-08, -70.5, 20, -63)

[node name="platform-medium19" parent="World/MediumPlatforms" instance=ExtResource("8_hs4h1")]
transform = Transform3D(-2.98023e-08, 0, -1, 0, 1, 0, 1, 0, -2.98023e-08, -73.5, 20, -60)

[node name="platform-medium30" parent="World/MediumPlatforms" instance=ExtResource("8_hs4h1")]
transform = Transform3D(-2.98023e-08, 0, -1, 0, 1, 0, 1, 0, -2.98023e-08, -76.5, 20, -60)

[node name="platform-medium20" parent="World/MediumPlatforms" instance=ExtResource("8_hs4h1")]
transform = Transform3D(-2.98023e-08, 0, -1, 0, 1, 0, 1, 0, -2.98023e-08, -73.5, 20, -63)

[node name="platform-medium23" parent="World/MediumPlatforms" instance=ExtResource("8_hs4h1")]
transform = Transform3D(-2.98023e-08, 0, -1, 0, 1, 0, 1, 0, -2.98023e-08, -73.5, 20, -66)

[node name="platform-medium24" parent="World/MediumPlatforms" instance=ExtResource("8_hs4h1")]
transform = Transform3D(-2.98023e-08, 0, -1, 0, 1, 0, 1, 0, -2.98023e-08, -73.5, 20, -69)

[node name="platform-medium27" parent="World/MediumPlatforms" instance=ExtResource("8_hs4h1")]
transform = Transform3D(-2.98023e-08, 0, -1, 0, 1, 0, 1, 0, -2.98023e-08, -76.5, 20, -63)

[node name="platform-medium28" parent="World/MediumPlatforms" instance=ExtResource("8_hs4h1")]
transform = Transform3D(-2.98023e-08, 0, -1, 0, 1, 0, 1, 0, -2.98023e-08, -76.5, 20, -66)

[node name="platform-medium29" parent="World/MediumPlatforms" instance=ExtResource("8_hs4h1")]
transform = Transform3D(-2.98023e-08, 0, -1, 0, 1, 0, 1, 0, -2.98023e-08, -76.5, 20, -69)

[node name="platform-medium32" parent="World/MediumPlatforms" instance=ExtResource("8_hs4h1")]
transform = Transform3D(-2.98023e-08, 0, -1, 0, 1, 0, 1, 0, -2.98023e-08, -79.5, 20, -66)

[node name="platform-medium33" parent="World/MediumPlatforms" instance=ExtResource("8_hs4h1")]
transform = Transform3D(-2.98023e-08, 0, -1, 0, 1, 0, 1, 0, -2.98023e-08, -79.5, 20, -69)

[node name="platform-medium25" parent="World/MediumPlatforms" instance=ExtResource("8_hs4h1")]
transform = Transform3D(-2.98023e-08, 0, -1, 0, 1, 0, 1, 0, -2.98023e-08, -73.5, 20, -72)

[node name="platform-medium34" parent="World/MediumPlatforms" instance=ExtResource("8_hs4h1")]
transform = Transform3D(-2.98023e-08, 0, -1, 0, 1, 0, 1, 0, -2.98023e-08, -76.5, 20, -72)

[node name="platform-medium40" parent="World/MediumPlatforms" instance=ExtResource("8_hs4h1")]
transform = Transform3D(-2.98023e-08, 0, -1, 0, 1, 0, 1, 0, -2.98023e-08, -76.5, 19, -84)

[node name="platform-medium41" parent="World/MediumPlatforms" instance=ExtResource("8_hs4h1")]
transform = Transform3D(-2.98023e-08, 0, -1, 0, 1, 0, 1, 0, -2.98023e-08, -73.5, 19, -84)

[node name="platform-medium42" parent="World/MediumPlatforms" instance=ExtResource("8_hs4h1")]
transform = Transform3D(-2.98023e-08, 0, -1, 0, 1, 0, 1, 0, -2.98023e-08, -79.5, 19, -84)

[node name="platform-medium43" parent="World/MediumPlatforms" instance=ExtResource("8_hs4h1")]
transform = Transform3D(-2.98023e-08, 0, -1, 0, 1, 0, 1, 0, -2.98023e-08, -76.5, 19, -87)

[node name="platform-medium44" parent="World/MediumPlatforms" instance=ExtResource("8_hs4h1")]
transform = Transform3D(-2.98023e-08, 0, -1, 0, 1, 0, 1, 0, -2.98023e-08, -73.5, 19, -87)

[node name="platform-medium48" parent="World/MediumPlatforms" instance=ExtResource("8_hs4h1")]
transform = Transform3D(-2.98023e-08, 0, -1, 0, 1, 0, 1, 0, -2.98023e-08, -73.5, 19, -96)

[node name="platform-medium49" parent="World/MediumPlatforms" instance=ExtResource("8_hs4h1")]
transform = Transform3D(0.258819, 0, -0.965926, 0, 1, 0, 0.965926, 0, 0.258819, -144.5, 22, -112)

[node name="platform-medium50" parent="World/MediumPlatforms" instance=ExtResource("8_hs4h1")]
transform = Transform3D(-2.98023e-08, 0, -1, 0, 1, 0, 1, 0, -2.98023e-08, -152.5, 23, -112)

[node name="platform-medium52" parent="World/MediumPlatforms" instance=ExtResource("8_hs4h1")]
transform = Transform3D(-2.98023e-08, 0, -1, 0, 1, 0, 1, 0, -2.98023e-08, -152.5, 29, -97)

[node name="platform-medium54" parent="World/MediumPlatforms" instance=ExtResource("8_hs4h1")]
transform = Transform3D(-2.98023e-08, 0, -1, 0, 1, 0, 1, 0, -2.98023e-08, -155.5, 29, -97)

[node name="platform-medium56" parent="World/MediumPlatforms" instance=ExtResource("8_hs4h1")]
transform = Transform3D(-2.98023e-08, 0, -1, 0, 1, 0, 1, 0, -2.98023e-08, -155.5, 29, -94)

[node name="platform-medium58" parent="World/MediumPlatforms" instance=ExtResource("8_hs4h1")]
transform = Transform3D(-2.98023e-08, 0, -1, 0, 1, 0, 1, 0, -2.98023e-08, -158.5, 29, -94)

[node name="platform-medium59" parent="World/MediumPlatforms" instance=ExtResource("8_hs4h1")]
transform = Transform3D(-2.98023e-08, 0, -1, 0, 1, 0, 1, 0, -2.98023e-08, -152.5, 29, -94)

[node name="platform-medium62" parent="World/MediumPlatforms" instance=ExtResource("8_hs4h1")]
transform = Transform3D(-2.98023e-08, 0, -1, 0, 1, 0, 1, 0, -2.98023e-08, -155.5, 29, -82)

[node name="platform-medium73" parent="World/MediumPlatforms" instance=ExtResource("8_hs4h1")]
transform = Transform3D(-2.98023e-08, 0, -1, 0, 1, 0, 1, 0, -2.98023e-08, -155.5, 27, -64)

[node name="platform-medium75" parent="World/MediumPlatforms" instance=ExtResource("8_hs4h1")]
transform = Transform3D(-2.98023e-08, 0, -1, 0, 1, 0, 1, 0, -2.98023e-08, -147, 29, -44)

[node name="platform-medium81" parent="World/MediumPlatforms" instance=ExtResource("8_hs4h1")]
transform = Transform3D(-2.98023e-08, 0, -1, 0, 1, 0, 1, 0, -2.98023e-08, -161, 29, -44)

[node name="platform-medium87" parent="World/MediumPlatforms" instance=ExtResource("8_hs4h1")]
transform = Transform3D(-2.98023e-08, 0, -1, 0, 1, 0, 1, 0, -2.98023e-08, -161, 29, -41)

[node name="platform-medium89" parent="World/MediumPlatforms" instance=ExtResource("8_hs4h1")]
transform = Transform3D(-2.98023e-08, 0, -1, 0, 1, 0, 1, 0, -2.98023e-08, -172, 29, -41)

[node name="platform-medium88" parent="World/MediumPlatforms" instance=ExtResource("8_hs4h1")]
transform = Transform3D(-2.98023e-08, 0, -1, 0, 1, 0, 1, 0, -2.98023e-08, -161, 29, -38)

[node name="platform-medium90" parent="World/MediumPlatforms" instance=ExtResource("8_hs4h1")]
transform = Transform3D(-2.98023e-08, 0, -1, 0, 1, 0, 1, 0, -2.98023e-08, -161, 29, -35)

[node name="platform-medium91" parent="World/MediumPlatforms" instance=ExtResource("8_hs4h1")]
transform = Transform3D(-2.98023e-08, 0, -1, 0, 1, 0, 1, 0, -2.98023e-08, -161, 37.5, -32)

[node name="platform-medium77" parent="World/MediumPlatforms" instance=ExtResource("8_hs4h1")]
transform = Transform3D(1.3027e-15, 1, 4.37114e-08, 2.98023e-08, -4.37114e-08, 1, 1, 0, -2.98023e-08, -146, 27.6992, -44)

[node name="platform-medium78" parent="World/MediumPlatforms" instance=ExtResource("8_hs4h1")]
transform = Transform3D(-1.49012e-08, -1, -4.37114e-08, 2.98023e-08, -4.37114e-08, 1, -1, 1.49012e-08, 2.98023e-08, -148, 27.6992, -44)

[node name="platform-medium79" parent="World/MediumPlatforms" instance=ExtResource("8_hs4h1")]
transform = Transform3D(1.3027e-15, 1, 4.37114e-08, 2.98023e-08, -4.37114e-08, 1, 1, 0, -2.98023e-08, -146, 24.6992, -44)

[node name="platform-medium80" parent="World/MediumPlatforms" instance=ExtResource("8_hs4h1")]
transform = Transform3D(-1.49012e-08, -1, -4.37114e-08, 2.98023e-08, -4.37114e-08, 1, -1, 1.49012e-08, 2.98023e-08, -148, 24.6992, -44)

[node name="platform-medium82" parent="World/MediumPlatforms" instance=ExtResource("8_hs4h1")]
transform = Transform3D(-2.98023e-08, 0, -1, 0, 1, 0, 1, 0, -2.98023e-08, -147, 36, -33)

[node name="platform-medium83" parent="World/MediumPlatforms" instance=ExtResource("8_hs4h1")]
transform = Transform3D(1.3027e-15, 1, 4.37114e-08, 2.98023e-08, -4.37114e-08, 1, 1, 0, -2.98023e-08, -146, 34.6992, -33)

[node name="platform-medium84" parent="World/MediumPlatforms" instance=ExtResource("8_hs4h1")]
transform = Transform3D(-1.49012e-08, -1, -4.37114e-08, 2.98023e-08, -4.37114e-08, 1, -1, 1.49012e-08, 2.98023e-08, -148, 34.6992, -33)

[node name="platform-medium85" parent="World/MediumPlatforms" instance=ExtResource("8_hs4h1")]
transform = Transform3D(1.3027e-15, 1, 4.37114e-08, 2.98023e-08, -4.37114e-08, 1, 1, 0, -2.98023e-08, -146, 31.6992, -33)

[node name="platform-medium86" parent="World/MediumPlatforms" instance=ExtResource("8_hs4h1")]
transform = Transform3D(-1.49012e-08, -1, -4.37114e-08, 2.98023e-08, -4.37114e-08, 1, -1, 1.49012e-08, 2.98023e-08, -148, 31.6992, -33)

[node name="platform-medium76" parent="World/MediumPlatforms" instance=ExtResource("8_hs4h1")]
transform = Transform3D(-2.98023e-08, 0, -1, 0, 1, 0, 1, 0, -2.98023e-08, -147, 29, -61)

[node name="platform-medium65" parent="World/MediumPlatforms" instance=ExtResource("8_hs4h1")]
transform = Transform3D(2.98023e-08, 1.19209e-07, 1, 7.10543e-15, -1, 1.19209e-07, 1, 0, -2.98023e-08, -155.5, 33, -82)

[node name="platform-medium63" parent="World/MediumPlatforms" instance=ExtResource("8_hs4h1")]
transform = Transform3D(1.3027e-15, -1, 4.37114e-08, -2.98023e-08, -4.37114e-08, -1, 1, 0, -2.98023e-08, -153.5, 31, -82)

[node name="platform-medium64" parent="World/MediumPlatforms" instance=ExtResource("8_hs4h1")]
transform = Transform3D(4.44089e-15, 1, 8.9407e-08, 2.98023e-08, -8.9407e-08, 1, 1, 0, -2.98023e-08, -157.5, 31, -82)

[node name="platform-medium66" parent="World/MediumPlatforms" instance=ExtResource("8_hs4h1")]
transform = Transform3D(-2.98023e-08, 0, -1, 0, 1, 0, 1, 0, -2.98023e-08, -142.5, 33, 12)

[node name="platform-medium67" parent="World/MediumPlatforms" instance=ExtResource("8_hs4h1")]
transform = Transform3D(2.98023e-08, 1.19209e-07, 1, 7.10543e-15, -1, 1.19209e-07, 1, 0, -2.98023e-08, -142.5, 37, 12)

[node name="platform-medium68" parent="World/MediumPlatforms" instance=ExtResource("8_hs4h1")]
transform = Transform3D(1.3027e-15, -1, 4.37114e-08, -2.98023e-08, -4.37114e-08, -1, 1, 0, -2.98023e-08, -140.5, 35, 12)

[node name="platform-medium69" parent="World/MediumPlatforms" instance=ExtResource("8_hs4h1")]
transform = Transform3D(4.44089e-15, 1, 8.9407e-08, 2.98023e-08, -8.9407e-08, 1, 1, 0, -2.98023e-08, -144.5, 35, 12)

[node name="platform-medium70" parent="World/MediumPlatforms" instance=ExtResource("8_hs4h1")]
transform = Transform3D(-2.98023e-08, 0, -1, 0, 1, 0, 1, 0, -2.98023e-08, -156.5, 33, 12)

[node name="platform-medium71" parent="World/MediumPlatforms" instance=ExtResource("8_hs4h1")]
transform = Transform3D(2.98023e-08, 1.19209e-07, 1, 7.10543e-15, -1, 1.19209e-07, 1, 0, -2.98023e-08, -156.5, 37, 12)

[node name="platform-medium72" parent="World/MediumPlatforms" instance=ExtResource("8_hs4h1")]
transform = Transform3D(1.3027e-15, -1, 4.37114e-08, -2.98023e-08, -4.37114e-08, -1, 1, 0, -2.98023e-08, -154.5, 35, 12)

[node name="platform-medium74" parent="World/MediumPlatforms" instance=ExtResource("8_hs4h1")]
transform = Transform3D(4.44089e-15, 1, 8.9407e-08, 2.98023e-08, -8.9407e-08, 1, 1, 0, -2.98023e-08, -158.5, 35, 12)

[node name="platform-medium92" parent="World/MediumPlatforms" instance=ExtResource("8_hs4h1")]
transform = Transform3D(-2.98023e-08, 0, -1, 0, 1, 0, 1, 0, -2.98023e-08, -149.5, 33, 12)

[node name="platform-medium93" parent="World/MediumPlatforms" instance=ExtResource("8_hs4h1")]
transform = Transform3D(2.98023e-08, 1.19209e-07, 1, 7.10543e-15, -1, 1.19209e-07, 1, 0, -2.98023e-08, -149.5, 37, 12)

[node name="platform-medium94" parent="World/MediumPlatforms" instance=ExtResource("8_hs4h1")]
transform = Transform3D(1.3027e-15, -1, 4.37114e-08, -2.98023e-08, -4.37114e-08, -1, 1, 0, -2.98023e-08, -147.5, 35, 12)

[node name="platform-medium95" parent="World/MediumPlatforms" instance=ExtResource("8_hs4h1")]
transform = Transform3D(4.44089e-15, 1, 8.9407e-08, 2.98023e-08, -8.9407e-08, 1, 1, 0, -2.98023e-08, -151.5, 35, 12)

[node name="platform-medium96" parent="World/MediumPlatforms" instance=ExtResource("8_hs4h1")]
transform = Transform3D(-2.98023e-08, 0, -1, 0, 1, 0, 1, 0, -2.98023e-08, -149.5, 29, 29)

[node name="platform-medium97" parent="World/MediumPlatforms" instance=ExtResource("8_hs4h1")]
transform = Transform3D(2.98023e-08, 1.19209e-07, 1, 7.10543e-15, -1, 1.19209e-07, 1, 0, -2.98023e-08, -149.5, 33, 29)

[node name="platform-medium98" parent="World/MediumPlatforms" instance=ExtResource("8_hs4h1")]
transform = Transform3D(1.3027e-15, -1, 4.37114e-08, -2.98023e-08, -4.37114e-08, -1, 1, 0, -2.98023e-08, -147.5, 31, 29)

[node name="platform-medium99" parent="World/MediumPlatforms" instance=ExtResource("8_hs4h1")]
transform = Transform3D(4.44089e-15, 1, 8.9407e-08, 2.98023e-08, -8.9407e-08, 1, 1, 0, -2.98023e-08, -151.5, 31, 29)

[node name="platform-medium108" parent="World/MediumPlatforms" instance=ExtResource("8_hs4h1")]
transform = Transform3D(-2.98023e-08, 0, -1, 0, 1, 0, 1, 0, -2.98023e-08, -144.5, 27, 45)

[node name="platform-medium109" parent="World/MediumPlatforms" instance=ExtResource("8_hs4h1")]
transform = Transform3D(2.98023e-08, 1.19209e-07, 1, 7.10543e-15, -1, 1.19209e-07, 1, 0, -2.98023e-08, -144.5, 31, 45)

[node name="platform-medium110" parent="World/MediumPlatforms" instance=ExtResource("8_hs4h1")]
transform = Transform3D(1.3027e-15, -1, 4.37114e-08, -2.98023e-08, -4.37114e-08, -1, 1, 0, -2.98023e-08, -142.5, 29, 45)

[node name="platform-medium111" parent="World/MediumPlatforms" instance=ExtResource("8_hs4h1")]
transform = Transform3D(4.44089e-15, 1, 8.9407e-08, 2.98023e-08, -8.9407e-08, 1, 1, 0, -2.98023e-08, -146.5, 29, 45)

[node name="platform-medium112" parent="World/MediumPlatforms" instance=ExtResource("8_hs4h1")]
transform = Transform3D(-2.98023e-08, 0, -1, 0, 1, 0, 1, 0, -2.98023e-08, -154.5, 27, 45)

[node name="platform-medium113" parent="World/MediumPlatforms" instance=ExtResource("8_hs4h1")]
transform = Transform3D(2.98023e-08, 1.19209e-07, 1, 7.10543e-15, -1, 1.19209e-07, 1, 0, -2.98023e-08, -154.5, 31, 45)

[node name="platform-medium114" parent="World/MediumPlatforms" instance=ExtResource("8_hs4h1")]
transform = Transform3D(1.3027e-15, -1, 4.37114e-08, -2.98023e-08, -4.37114e-08, -1, 1, 0, -2.98023e-08, -152.5, 29, 45)

[node name="platform-medium115" parent="World/MediumPlatforms" instance=ExtResource("8_hs4h1")]
transform = Transform3D(4.44089e-15, 1, 8.9407e-08, 2.98023e-08, -8.9407e-08, 1, 1, 0, -2.98023e-08, -156.5, 29, 45)

[node name="platform-medium128" parent="World/MediumPlatforms" instance=ExtResource("8_hs4h1")]
transform = Transform3D(-2.98023e-08, 0, -1, 0, 1, 0, 1, 0, -2.98023e-08, -144.5, 22, 76)

[node name="platform-medium129" parent="World/MediumPlatforms" instance=ExtResource("8_hs4h1")]
transform = Transform3D(2.98023e-08, 1.19209e-07, 1, 7.10543e-15, -1, 1.19209e-07, 1, 0, -2.98023e-08, -144.5, 26, 76)

[node name="platform-medium130" parent="World/MediumPlatforms" instance=ExtResource("8_hs4h1")]
transform = Transform3D(1.3027e-15, -1, 4.37114e-08, -2.98023e-08, -4.37114e-08, -1, 1, 0, -2.98023e-08, -142.5, 24, 76)

[node name="platform-medium131" parent="World/MediumPlatforms" instance=ExtResource("8_hs4h1")]
transform = Transform3D(4.44089e-15, 1, 8.9407e-08, 2.98023e-08, -8.9407e-08, 1, 1, 0, -2.98023e-08, -146.5, 24, 76)

[node name="platform-medium132" parent="World/MediumPlatforms" instance=ExtResource("8_hs4h1")]
transform = Transform3D(-2.98023e-08, 0, -1, 0, 1, 0, 1, 0, -2.98023e-08, -154.5, 22, 76)

[node name="platform-medium133" parent="World/MediumPlatforms" instance=ExtResource("8_hs4h1")]
transform = Transform3D(2.98023e-08, 1.19209e-07, 1, 7.10543e-15, -1, 1.19209e-07, 1, 0, -2.98023e-08, -154.5, 26, 76)

[node name="platform-medium134" parent="World/MediumPlatforms" instance=ExtResource("8_hs4h1")]
transform = Transform3D(1.3027e-15, -1, 4.37114e-08, -2.98023e-08, -4.37114e-08, -1, 1, 0, -2.98023e-08, -152.5, 24, 76)

[node name="platform-medium135" parent="World/MediumPlatforms" instance=ExtResource("8_hs4h1")]
transform = Transform3D(4.44089e-15, 1, 8.9407e-08, 2.98023e-08, -8.9407e-08, 1, 1, 0, -2.98023e-08, -156.5, 24, 76)

[node name="platform-medium148" parent="World/MediumPlatforms" instance=ExtResource("8_hs4h1")]
transform = Transform3D(-2.98023e-08, 0, -1, 0, 1, 0, 1, 0, -2.98023e-08, -144.5, 16, 111)

[node name="platform-medium149" parent="World/MediumPlatforms" instance=ExtResource("8_hs4h1")]
transform = Transform3D(2.98023e-08, 1.19209e-07, 1, 7.10543e-15, -1, 1.19209e-07, 1, 0, -2.98023e-08, -144.5, 20, 111)

[node name="platform-medium150" parent="World/MediumPlatforms" instance=ExtResource("8_hs4h1")]
transform = Transform3D(1.3027e-15, -1, 4.37114e-08, -2.98023e-08, -4.37114e-08, -1, 1, 0, -2.98023e-08, -142.5, 18, 111)

[node name="platform-medium151" parent="World/MediumPlatforms" instance=ExtResource("8_hs4h1")]
transform = Transform3D(4.44089e-15, 1, 8.9407e-08, 2.98023e-08, -8.9407e-08, 1, 1, 0, -2.98023e-08, -146.5, 18, 111)

[node name="platform-medium152" parent="World/MediumPlatforms" instance=ExtResource("8_hs4h1")]
transform = Transform3D(-2.98023e-08, 0, -1, 0, 1, 0, 1, 0, -2.98023e-08, -154.5, 16, 111)

[node name="platform-medium153" parent="World/MediumPlatforms" instance=ExtResource("8_hs4h1")]
transform = Transform3D(2.98023e-08, 1.19209e-07, 1, 7.10543e-15, -1, 1.19209e-07, 1, 0, -2.98023e-08, -154.5, 20, 111)

[node name="platform-medium154" parent="World/MediumPlatforms" instance=ExtResource("8_hs4h1")]
transform = Transform3D(1.3027e-15, -1, 4.37114e-08, -2.98023e-08, -4.37114e-08, -1, 1, 0, -2.98023e-08, -152.5, 18, 111)

[node name="platform-medium155" parent="World/MediumPlatforms" instance=ExtResource("8_hs4h1")]
transform = Transform3D(4.44089e-15, 1, 8.9407e-08, 2.98023e-08, -8.9407e-08, 1, 1, 0, -2.98023e-08, -156.5, 18, 111)

[node name="platform-medium156" parent="World/MediumPlatforms" instance=ExtResource("8_hs4h1")]
transform = Transform3D(-2.98023e-08, 0, -1, 0, 1, 0, 1, 0, -2.98023e-08, -144.5, 14, 128)

[node name="platform-medium157" parent="World/MediumPlatforms" instance=ExtResource("8_hs4h1")]
transform = Transform3D(2.98023e-08, 1.19209e-07, 1, 7.10543e-15, -1, 1.19209e-07, 1, 0, -2.98023e-08, -144.5, 18, 128)

[node name="platform-medium158" parent="World/MediumPlatforms" instance=ExtResource("8_hs4h1")]
transform = Transform3D(1.3027e-15, -1, 4.37114e-08, -2.98023e-08, -4.37114e-08, -1, 1, 0, -2.98023e-08, -142.5, 16, 128)

[node name="platform-medium159" parent="World/MediumPlatforms" instance=ExtResource("8_hs4h1")]
transform = Transform3D(4.44089e-15, 1, 8.9407e-08, 2.98023e-08, -8.9407e-08, 1, 1, 0, -2.98023e-08, -146.5, 16, 128)

[node name="platform-medium160" parent="World/MediumPlatforms" instance=ExtResource("8_hs4h1")]
transform = Transform3D(-2.98023e-08, 0, -1, 0, 1, 0, 1, 0, -2.98023e-08, -154.5, 14, 128)

[node name="platform-medium161" parent="World/MediumPlatforms" instance=ExtResource("8_hs4h1")]
transform = Transform3D(2.98023e-08, 1.19209e-07, 1, 7.10543e-15, -1, 1.19209e-07, 1, 0, -2.98023e-08, -154.5, 18, 128)

[node name="platform-medium162" parent="World/MediumPlatforms" instance=ExtResource("8_hs4h1")]
transform = Transform3D(1.3027e-15, -1, 4.37114e-08, -2.98023e-08, -4.37114e-08, -1, 1, 0, -2.98023e-08, -152.5, 16, 128)

[node name="platform-medium163" parent="World/MediumPlatforms" instance=ExtResource("8_hs4h1")]
transform = Transform3D(4.44089e-15, 1, 8.9407e-08, 2.98023e-08, -8.9407e-08, 1, 1, 0, -2.98023e-08, -156.5, 16, 128)

[node name="platform-medium100" parent="World/MediumPlatforms" instance=ExtResource("8_hs4h1")]
transform = Transform3D(-2.98023e-08, 0, -1, 0, 1, 0, 1, 0, -2.98023e-08, -141.5, 29, 29)

[node name="platform-medium101" parent="World/MediumPlatforms" instance=ExtResource("8_hs4h1")]
