[gd_scene load_steps=34 format=3 uid="uid://c4k0df84w04v1"]

[ext_resource type="Environment" uid="uid://bqnqgflivjvue" path="res://scenes/main-environment.tres" id="1_m3hbj"]
[ext_resource type="PackedScene" uid="uid://dl2ed4gkybggf" path="res://objects/player.tscn" id="2_oq2nj"]
[ext_resource type="Script" path="res://scripts/view.gd" id="3_0sfc6"]
[ext_resource type="PackedScene" uid="uid://bpharv43ulngb" path="res://objects/platform_moving.tscn" id="4_f3xrd"]
[ext_resource type="PackedScene" uid="uid://bdm3quh21j64k" path="res://objects/platform_large.tscn" id="5_xy2od"]
[ext_resource type="PackedScene" uid="uid://bs65o07otxbmm" path="res://objects/moving_object_path_3d.tscn" id="6_kpp2x"]
[ext_resource type="PackedScene" uid="uid://dhxok27jxvik8" path="res://objects/flag.tscn" id="7_f1e56"]
[ext_resource type="PackedScene" uid="uid://dwvhgrcyestak" path="res://objects/trap_spikes.tscn" id="8_lcod5"]
[ext_resource type="PackedScene" uid="uid://g73m8k0j7lyo" path="res://objects/button.tscn" id="9_45vm6"]
[ext_resource type="PackedScene" uid="uid://0v6t454aaexr" path="res://objects/door.tscn" id="10_62she"]
[ext_resource type="PackedScene" uid="uid://cxea8lmw7cy1l" path="res://objects/player_kill_volume.tscn" id="11_4ygb7"]
[ext_resource type="PackedScene" uid="uid://cyvet7kb6y80r" path="res://objects/checkpoint.tscn" id="12_dc7kb"]
[ext_resource type="PackedScene" uid="uid://cnymdajj1vsqm" path="res://objects/platform.tscn" id="13_rp6e8"]
[ext_resource type="PackedScene" uid="uid://rjh4ifidqrfp" path="res://objects/platform_medium.tscn" id="14_jh5nj"]
[ext_resource type="PackedScene" uid="uid://c8up71en5djgm" path="res://objects/platform_falling.tscn" id="15_63t36"]
[ext_resource type="PackedScene" uid="uid://uqr4hswv6d2g" path="res://objects/platform_grass_large_round.tscn" id="16_qxty3"]
[ext_resource type="PackedScene" uid="uid://dfpisimsgf5ce" path="res://objects/coin.tscn" id="17_5qted"]
[ext_resource type="PackedScene" uid="uid://dy017k58p20sk" path="res://objects/cloud.tscn" id="18_v0xje"]
[ext_resource type="Script" path="res://scripts/hud.gd" id="19_37wmx"]
[ext_resource type="Texture2D" uid="uid://cd7oyc56ehkx1" path="res://sprites/coin.png" id="20_3wi0c"]
[ext_resource type="LabelSettings" uid="uid://daohhjonjrdx8" path="res://themes/label_settings.tres" id="21_u5vg4"]
[ext_resource type="FontFile" uid="uid://d0cxd77jybrcn" path="res://fonts/lilita_one_regular.ttf" id="22_43bar"]
[ext_resource type="Theme" uid="uid://d3avl0mr4r87l" path="res://themes/default_theme.tres" id="23_0rhxw"]
[ext_resource type="Texture2D" uid="uid://dm50aa4qogm65" path="res://sprites/button_rectangle_depth_gloss.png" id="24_teaou"]
[ext_resource type="PackedScene" uid="uid://dbr3dh46cbskt" path="res://objects/wall.tscn" id="25_gg1wa"]
[ext_resource type="PackedScene" uid="uid://f4whuhhowomq" path="res://scenes/glide_pickup.tscn" id="27_68g6v"]

[sub_resource type="CameraAttributesPractical" id="CameraAttributesPractical_u8ojw"]
auto_exposure_scale = 0.75
dof_blur_far_distance = 0.01

[sub_resource type="Curve3D" id="Curve3D_5n82a"]
_data = {
"points": PackedVector3Array(0, 0, 0, 0, 0, 0, -25, 2.4, -60, 0, 0, 0, 0, 0, 0, -15, 2.4, -60),
"tilts": PackedFloat32Array(0, 0)
}
point_count = 2

[sub_resource type="Curve3D" id="Curve3D_vpjpt"]
_data = {
"points": PackedVector3Array(0, 0, 0, 0, 0, 0, -55.528, 14, -57, 0, 0, 0, 0, 0, 0, -55.528, 14, -67),
"tilts": PackedFloat32Array(0, 0)
}
point_count = 2

[sub_resource type="Curve3D" id="Curve3D_hlav2"]
_data = {
"points": PackedVector3Array(0, 0, 0, 0, 0, 0, -58.528, 14, -70, 0, 0, 0, 0, 0, 0, -64.528, 14, -70),
"tilts": PackedFloat32Array(0, 0)
}
point_count = 2

[sub_resource type="LabelSettings" id="LabelSettings_ri8jt"]
font = ExtResource("22_43bar")
font_size = 128
shadow_color = Color(0, 0, 0, 0.376471)
shadow_offset = Vector2(2, 2)

[sub_resource type="LabelSettings" id="LabelSettings_x4d2s"]
font = ExtResource("22_43bar")
font_size = 32
shadow_color = Color(0, 0, 0, 0.376471)
shadow_offset = Vector2(2, 2)

[sub_resource type="LabelSettings" id="LabelSettings_v6r7m"]
font = ExtResource("22_43bar")
font_size = 42
shadow_color = Color(0, 0, 0, 0.376471)
shadow_offset = Vector2(2, 2)

[node name="Main" type="Node3D"]

[node name="Environment" type="WorldEnvironment" parent="."]
unique_name_in_owner = true
environment = ExtResource("1_m3hbj")
camera_attributes = SubResource("CameraAttributesPractical_u8ojw")

[node name="Player" parent="." node_paths=PackedStringArray("view") instance=ExtResource("2_oq2nj")]
transform = Transform3D(-0.436802, 0, -0.899558, 0, 1, 0, 0.899558, 0, -0.436802, -101, 23.8693, -113.387)
view = NodePath("../View")

[node name="View" type="Node3D" parent="." node_paths=PackedStringArray("target") groups=["View"]]
process_mode = 3
transform = Transform3D(0.707107, -0.298836, 0.640856, 0, 0.906308, 0.422618, -0.707107, -0.298836, 0.640856, 0, 0, 0)
script = ExtResource("3_0sfc6")
target = NodePath("../Player")

[node name="Camera" type="Camera3D" parent="View"]
transform = Transform3D(1, 0, 0, 0, 1, 0, 0, 0, 1, 0, 0, 10)
current = true
fov = 40.0

[node name="World" type="Node3D" parent="."]

[node name="flag" parent="World" instance=ExtResource("7_f1e56")]
transform = Transform3D(0.707107, 0, -0.707107, 0, 1, 0, 0.707107, 0, 0.707107, 10.3944, 2.7273, -8.92648)

[node name="trap-spikes" parent="World" instance=ExtResource("8_lcod5")]
transform = Transform3D(1, 0, 0, 0, 1, 0, 0, 0, 1, 10.8943, 2.71517, -4.91552)

[node name="trap-spikes2" parent="World" instance=ExtResource("8_lcod5")]
transform = Transform3D(1, 0, 0, 0, 1, 0, 0, 0, 1, 10.0942, 2.71517, -4.91552)

[node name="player_kill_volume" parent="World" instance=ExtResource("11_4ygb7")]

[node name="platform-falling" parent="World" instance=ExtResource("15_63t36")]
transform = Transform3D(0.989985, 0, -0.141178, 0, 1, 0, 0.141178, 0, 0.989985, 35.7941, 1.89327, -0.633746)

[node name="coin" parent="World" instance=ExtResource("17_5qted")]
transform = Transform3D(1, 0, 0, 0, 1, 0, 0, 0, 1, -5.54416, 2.55254, 1.27727)

[node name="GrassPlatforms" type="Node" parent="World"]

[node name="platform-grass-large-round" parent="World/GrassPlatforms" instance=ExtResource("16_qxty3")]
transform = Transform3D(1, 0, 0, 0, 1, 0, 0, 0, 1, -0.498435, 1.04456, 6.24435)

[node name="platform-grass-large-round3" parent="World/GrassPlatforms" instance=ExtResource("16_qxty3")]
transform = Transform3D(-0.989085, 0, 0.147343, 0, 1, 0, -0.147343, 0, -0.989085, -2.63518, 0.951342, 3.40817)

[node name="platform-grass-large-round6" parent="World/GrassPlatforms" instance=ExtResource("16_qxty3")]
transform = Transform3D(-0.989085, 0, 0.147343, 0, 1, 0, -0.147343, 0, -0.989085, -7.88747, 0.951342, 6.2595)

[node name="platform-grass-large-round9" parent="World/GrassPlatforms" instance=ExtResource("16_qxty3")]
transform = Transform3D(-0.989085, 0, 0.147343, 0, 1, 0, -0.147343, 0, -0.989085, -10.1805, 0.951342, 2.16154)

[node name="platform-grass-large-round5" parent="World/GrassPlatforms" instance=ExtResource("16_qxty3")]
transform = Transform3D(-0.989085, 0, 0.147343, 0, 1, 0, -0.147343, 0, -0.989085, -4.20027, 1.00478, 6.99459)

[node name="platform-grass-large-round7" parent="World/GrassPlatforms" instance=ExtResource("16_qxty3")]
transform = Transform3D(-0.989085, 0, 0.147343, 0, 1, 0, -0.147343, 0, -0.989085, -6.30313, 1.00478, 2.68687)

[node name="platform-grass-large-round8" parent="World/GrassPlatforms" instance=ExtResource("16_qxty3")]
transform = Transform3D(-0.989085, 0, 0.147343, 0, 1, 0, -0.147343, 0, -0.989085, -11.6945, 1.00478, 5.65479)

[node name="platform-grass-large-round4" parent="World/GrassPlatforms" instance=ExtResource("16_qxty3")]
transform = Transform3D(-0.294924, 0, 0.955521, 0, 1, 0, -0.955521, 0, -0.294924, 0.406457, 0.754891, 5.06137)

[node name="platform-grass-large-round10" parent="World/GrassPlatforms" instance=ExtResource("16_qxty3")]
transform = Transform3D(-0.294924, 0, 0.955521, 0, 1, 0, -0.955521, 0, -0.294924, -0.275024, 0.754891, 9.09229)

[node name="MediumPlatforms" type="Node" parent="World"]

[node name="platform-medium" parent="World/MediumPlatforms" instance=ExtResource("14_jh5nj")]
transform = Transform3D(0.86084, 0, -0.508876, 0, 1, 0, 0.508876, 0, 0.86084, 39.6355, 1.85731, 1.13776)

[node name="platform-medium2" parent="World/MediumPlatforms" instance=ExtResource("14_jh5nj")]
transform = Transform3D(0.997325, 0, 0.073099, 0, 1, 0, -0.073099, 0, 0.997325, 25.1126, 4.41057, 6.41009)

[node name="platform-medium3" parent="World/MediumPlatforms" instance=ExtResource("14_jh5nj")]
transform = Transform3D(1, 0, 0, 0, 1, 0, 0, 0, 1, -15.4385, 2.07657, 2.45919)

[node name="platform-medium4" parent="World/MediumPlatforms" instance=ExtResource("14_jh5nj")]
transform = Transform3D(0.866026, 0, -0.5, 0, 1, 0, 0.5, 0, 0.866026, -19.9762, 3.07657, 0.192442)

[node name="platform-medium5" parent="World/MediumPlatforms" instance=ExtResource("14_jh5nj")]
transform = Transform3D(-2.98023e-08, 0, -1, 0, 1, 0, 1, 0, -2.98023e-08, -22.6183, 4.07657, -5.40322)

[node name="platform-medium8" parent="World/MediumPlatforms" instance=ExtResource("14_jh5nj")]
transform = Transform3D(-2.98023e-08, 0, -1, 0, 1, 0, 1, 0, -2.98023e-08, -55.5, 14, -70)

[node name="platform-medium10" parent="World/MediumPlatforms" instance=ExtResource("14_jh5nj")]
transform = Transform3D(-2.98023e-08, 0, -1, 0, 1, 0, 1, 0, -2.98023e-08, -67.5, 14, -70)

[node name="platform-medium11" parent="World/MediumPlatforms" instance=ExtResource("14_jh5nj")]
transform = Transform3D(-2.98023e-08, 0, -1, 0, 1, 0, 1, 0, -2.98023e-08, -67.5, 14, -67)

[node name="platform-medium12" parent="World/MediumPlatforms" instance=ExtResource("14_jh5nj")]
transform = Transform3D(-2.98023e-08, 0, -1, 0, 1, 0, 1, 0, -2.98023e-08, -70.5, 20, -54)

[node name="platform-medium14" parent="World/MediumPlatforms" instance=ExtResource("14_jh5nj")]
transform = Transform3D(-2.98023e-08, 0, -1, 0, 1, 0, 1, 0, -2.98023e-08, -70.5, 20, -57)

[node name="platform-medium15" parent="World/MediumPlatforms" instance=ExtResource("14_jh5nj")]
transform = Transform3D(-2.98023e-08, 0, -1, 0, 1, 0, 1, 0, -2.98023e-08, -70.5, 20, -60)

[node name="platform-medium16" parent="World/MediumPlatforms" instance=ExtResource("14_jh5nj")]
transform = Transform3D(-2.98023e-08, 0, -1, 0, 1, 0, 1, 0, -2.98023e-08, -70.5, 20, -63)

[node name="platform-medium19" parent="World/MediumPlatforms" instance=ExtResource("14_jh5nj")]
transform = Transform3D(-2.98023e-08, 0, -1, 0, 1, 0, 1, 0, -2.98023e-08, -73.5, 20, -60)

[node name="platform-medium30" parent="World/MediumPlatforms" instance=ExtResource("14_jh5nj")]
transform = Transform3D(-2.98023e-08, 0, -1, 0, 1, 0, 1, 0, -2.98023e-08, -76.5, 20, -60)

[node name="platform-medium20" parent="World/MediumPlatforms" instance=ExtResource("14_jh5nj")]
transform = Transform3D(-2.98023e-08, 0, -1, 0, 1, 0, 1, 0, -2.98023e-08, -73.5, 20, -63)

[node name="platform-medium23" parent="World/MediumPlatforms" instance=ExtResource("14_jh5nj")]
transform = Transform3D(-2.98023e-08, 0, -1, 0, 1, 0, 1, 0, -2.98023e-08, -73.5, 20, -66)

[node name="platform-medium24" parent="World/MediumPlatforms" instance=ExtResource("14_jh5nj")]
transform = Transform3D(-2.98023e-08, 0, -1, 0, 1, 0, 1, 0, -2.98023e-08, -73.5, 20, -69)

[node name="platform-medium27" parent="World/MediumPlatforms" instance=ExtResource("14_jh5nj")]
transform = Transform3D(-2.98023e-08, 0, -1, 0, 1, 0, 1, 0, -2.98023e-08, -76.5, 20, -63)

[node name="platform-medium28" parent="World/MediumPlatforms" instance=ExtResource("14_jh5nj")]
transform = Transform3D(-2.98023e-08, 0, -1, 0, 1, 0, 1, 0, -2.98023e-08, -76.5, 20, -66)

[node name="platform-medium29" parent="World/MediumPlatforms" instance=ExtResource("14_jh5nj")]
transform = Transform3D(-2.98023e-08, 0, -1, 0, 1, 0, 1, 0, -2.98023e-08, -76.5, 20, -69)

[node name="platform-medium32" parent="World/MediumPlatforms" instance=ExtResource("14_jh5nj")]
transform = Transform3D(-2.98023e-08, 0, -1, 0, 1, 0, 1, 0, -2.98023e-08, -79.5, 20, -66)

[node name="platform-medium33" parent="World/MediumPlatforms" instance=ExtResource("14_jh5nj")]
transform = Transform3D(-2.98023e-08, 0, -1, 0, 1, 0, 1, 0, -2.98023e-08, -79.5, 20, -69)

[node name="platform-medium25" parent="World/MediumPlatforms" instance=ExtResource("14_jh5nj")]
transform = Transform3D(-2.98023e-08, 0, -1, 0, 1, 0, 1, 0, -2.98023e-08, -73.5, 20, -72)

[node name="platform-medium34" parent="World/MediumPlatforms" instance=ExtResource("14_jh5nj")]
transform = Transform3D(-2.98023e-08, 0, -1, 0, 1, 0, 1, 0, -2.98023e-08, -76.5, 20, -72)

[node name="platform-medium40" parent="World/MediumPlatforms" instance=ExtResource("14_jh5nj")]
transform = Transform3D(-2.98023e-08, 0, -1, 0, 1, 0, 1, 0, -2.98023e-08, -76.5, 19, -84)

[node name="platform-medium41" parent="World/MediumPlatforms" instance=ExtResource("14_jh5nj")]
transform = Transform3D(-2.98023e-08, 0, -1, 0, 1, 0, 1, 0, -2.98023e-08, -73.5, 19, -84)

[node name="platform-medium42" parent="World/MediumPlatforms" instance=ExtResource("14_jh5nj")]
transform = Transform3D(-2.98023e-08, 0, -1, 0, 1, 0, 1, 0, -2.98023e-08, -79.5, 19, -84)

[node name="platform-medium43" parent="World/MediumPlatforms" instance=ExtResource("14_jh5nj")]
transform = Transform3D(-2.98023e-08, 0, -1, 0, 1, 0, 1, 0, -2.98023e-08, -76.5, 19, -87)

[node name="platform-medium44" parent="World/MediumPlatforms" instance=ExtResource("14_jh5nj")]
transform = Transform3D(-2.98023e-08, 0, -1, 0, 1, 0, 1, 0, -2.98023e-08, -73.5, 19, -87)

[node name="platform-medium48" parent="World/MediumPlatforms" instance=ExtResource("14_jh5nj")]
transform = Transform3D(-2.98023e-08, 0, -1, 0, 1, 0, 1, 0, -2.98023e-08, -73.5, 19, -96)

[node name="platform-medium49" parent="World/MediumPlatforms" instance=ExtResource("14_jh5nj")]
transform = Transform3D(0.258819, 0, -0.965926, 0, 1, 0, 0.965926, 0, 0.258819, -144.5, 22, -112)

[node name="platform-medium50" parent="World/MediumPlatforms" instance=ExtResource("14_jh5nj")]
transform = Transform3D(-2.98023e-08, 0, -1, 0, 1, 0, 1, 0, -2.98023e-08, -152.5, 23, -112)

[node name="platform-medium52" parent="World/MediumPlatforms" instance=ExtResource("14_jh5nj")]
transform = Transform3D(-2.98023e-08, 0, -1, 0, 1, 0, 1, 0, -2.98023e-08, -152.5, 29, -97)

[node name="platform-medium54" parent="World/MediumPlatforms" instance=ExtResource("14_jh5nj")]
transform = Transform3D(-2.98023e-08, 0, -1, 0, 1, 0, 1, 0, -2.98023e-08, -155.5, 29, -97)

[node name="platform-medium56" parent="World/MediumPlatforms" instance=ExtResource("14_jh5nj")]
transform = Transform3D(-2.98023e-08, 0, -1, 0, 1, 0, 1, 0, -2.98023e-08, -155.5, 29, -94)

[node name="platform-medium58" parent="World/MediumPlatforms" instance=ExtResource("14_jh5nj")]
transform = Transform3D(-2.98023e-08, 0, -1, 0, 1, 0, 1, 0, -2.98023e-08, -158.5, 29, -94)

[node name="platform-medium59" parent="World/MediumPlatforms" instance=ExtResource("14_jh5nj")]
transform = Transform3D(-2.98023e-08, 0, -1, 0, 1, 0, 1, 0, -2.98023e-08, -152.5, 29, -94)

[node name="platform-medium62" parent="World/MediumPlatforms" instance=ExtResource("14_jh5nj")]
transform = Transform3D(-2.98023e-08, 0, -1, 0, 1, 0, 1, 0, -2.98023e-08, -155.5, 29, -82)

[node name="platform-medium65" parent="World/MediumPlatforms" instance=ExtResource("14_jh5nj")]
transform = Transform3D(2.98023e-08, 1.19209e-07, 1, 7.10543e-15, -1, 1.19209e-07, 1, 0, -2.98023e-08, -155.5, 33, -82)

[node name="platform-medium63" parent="World/MediumPlatforms" instance=ExtResource("14_jh5nj")]
transform = Transform3D(1.3027e-15, -1, 4.37114e-08, -2.98023e-08, -4.37114e-08, -1, 1, 0, -2.98023e-08, -153.5, 31, -82)

[node name="platform-medium64" parent="World/MediumPlatforms" instance=ExtResource("14_jh5nj")]
transform = Transform3D(4.44089e-15, 1, 8.9407e-08, 2.98023e-08, -8.9407e-08, 1, 1, 0, -2.98023e-08, -157.5, 31, -82)

[node name="platform-medium55" parent="World/MediumPlatforms" instance=ExtResource("14_jh5nj")]
transform = Transform3D(-2.98023e-08, 0, -1, 0, 1, 0, 1, 0, -2.98023e-08, -158.5, 29, -97)

[node name="platform-medium51" parent="World/MediumPlatforms" instance=ExtResource("14_jh5nj")]
transform = Transform3D(-2.98023e-08, 0, -1, 0, 1, 0, 1, 0, -2.98023e-08, -152.5, 23, -109)

[node name="platform-medium53" parent="World/MediumPlatforms" instance=ExtResource("14_jh5nj")]
transform = Transform3D(-2.98023e-08, 0, -1, 0, 1, 0, 1, 0, -2.98023e-08, -79.5, 19, -105)

[node name="platform-medium45" parent="World/MediumPlatforms" instance=ExtResource("14_jh5nj")]
transform = Transform3D(-2.98023e-08, 0, -1, 0, 1, 0, 1, 0, -2.98023e-08, -79.5, 19, -87)

[node name="platform-medium35" parent="World/MediumPlatforms" instance=ExtResource("14_jh5nj")]
transform = Transform3D(-2.98023e-08, 0, -1, 0, 1, 0, 1, 0, -2.98023e-08, -79.5, 20, -72)

[node name="platform-medium26" parent="World/MediumPlatforms" instance=ExtResource("14_jh5nj")]
transform = Transform3D(-2.98023e-08, 0, -1, 0, 1, 0, 1, 0, -2.98023e-08, -73.5, 20, -57)

[node name="platform-medium31" parent="World/MediumPlatforms" instance=ExtResource("14_jh5nj")]
transform = Transform3D(-2.98023e-08, 0, -1, 0, 1, 0, 1, 0, -2.98023e-08, -76.5, 20, -57)

[node name="platform-medium17" parent="World/MediumPlatforms" instance=ExtResource("14_jh5nj")]
transform = Transform3D(-2.98023e-08, 0, -1, 0, 1, 0, 1, 0, -2.98023e-08, -70.5, 20, -66)

[node name="platform-medium18" parent="World/MediumPlatforms" instance=ExtResource("14_jh5nj")]
transform = Transform3D(-2.98023e-08, 0, -1, 0, 1, 0, 1, 0, -2.98023e-08, -70.5, 20, -69)

[node name="platform-medium13" parent="World/MediumPlatforms" instance=ExtResource("14_jh5nj")]
transform = Transform3D(-2.98023e-08, 0, -1, 0, 1, 0, 1, 0, -2.98023e-08, -67.5, 20, -54)

[node name="platform-medium9" parent="World/MediumPlatforms" instance=ExtResource("14_jh5nj")]
transform = Transform3D(-2.98023e-08, 0, -1, 0, 1, 0, 1, 0, -2.98023e-08, -55.5, 14, -54)

[node name="platform-medium21" parent="World/MediumPlatforms" instance=ExtResource("14_jh5nj")]
transform = Transform3D(-2.98023e-08, 0, -1, 0, 1, 0, 1, 0, -2.98023e-08, -39.5, 16, -47)

[node name="platform-medium22" parent="World/MediumPlatforms" instance=ExtResource("14_jh5nj")]
transform = Transform3D(-2.98023e-08, 0, -1, 0, 1, 0, 1, 0, -2.98023e-08, -44.5, 16, -75)

[node name="platform-medium6" parent="World/MediumPlatforms" instance=ExtResource("14_jh5nj")]
transform = Transform3D(-2.98023e-08, 0, -1, 0, 1, 0, 1, 0, -2.98023e-08, -24.5, 6, -43)

[node name="platform-medium7" parent="World/MediumPlatforms" instance=ExtResource("14_jh5nj")]
transform = Transform3D(-2.98023e-08, 0, -1, 0, 1, 0, 1, 0, -2.98023e-08, -25, 7, -49)

[node name="SmallPlatforms" type="Node" parent="World"]

[node name="platform" parent="World/SmallPlatforms" instance=ExtResource("13_rp6e8")]
transform = Transform3D(0.993085, 0, -0.117399, 0, 1, 0, 0.117399, 0, 0.993085, 30.753, 2.1308, 3.52329)

[node name="platform10" parent="World/SmallPlatforms" instance=ExtResource("13_rp6e8")]
transform = Transform3D(0.993085, 0, -0.117399, 0, 1, 0, 0.117399, 0, 0.993085, -11.6455, 1.42445, 3.19101)

[node name="platform18" parent="World/SmallPlatforms" instance=ExtResource("13_rp6e8")]
transform = Transform3D(1, 0, 0, 0, 1, 0, 0, 0, 1, -51, 14, -62)

[node name="platform32" parent="World/SmallPlatforms" instance=ExtResource("13_rp6e8")]
transform = Transform3D(1, 0, 0, 0, 1, 0, 0, 0, 1, -90, 20, -113)

[node name="platform33" parent="World/SmallPlatforms" instance=ExtResource("13_rp6e8")]
transform = Transform3D(1, 0, 0, 0, 1, 0, 0, 0, 1, -92, 21, -117)

[node name="platform35" parent="World/SmallPlatforms" instance=ExtResource("13_rp6e8")]
transform = Transform3D(0.965926, 0, -0.258819, 0, 1, 0, 0.258819, 0, 0.965926, -139, 21, -116)

[node name="platform34" parent="World/SmallPlatforms" instance=ExtResource("13_rp6e8")]
transform = Transform3D(0.707107, 0, -0.707107, 0, 1, 0, 0.707107, 0, 0.707107, -95, 22, -114)

[node name="platform26" parent="World/SmallPlatforms" instance=ExtResource("13_rp6e8")]
transform = Transform3D(1, 0, 0, 0, 1, 0, 0, 0, 1, -41, 14, -57)

[node name="platform29" parent="World/SmallPlatforms" instance=ExtResource("13_rp6e8")]
transform = Transform3D(1, 0, 0, 0, 1, 0, 0, 0, 1, -39, 14, -67)

[node name="platform30" parent="World/SmallPlatforms" instance=ExtResource("13_rp6e8")]
transform = Transform3D(0.866026, 0, 0.5, 0, 1, 0, -0.5, 0, 0.866026, -40, 15, -71)

[node name="platform31" parent="World/SmallPlatforms" instance=ExtResource("13_rp6e8")]
transform = Transform3D(0.965926, 0, -0.258819, 0, 1, 0, 0.258819, 0, 0.965926, -40, 16, -74)

[node name="platform27" parent="World/SmallPlatforms" instance=ExtResource("13_rp6e8")]
transform = Transform3D(0.866026, 0, 0.5, 0, 1, 0, -0.5, 0, 0.866026, -39, 15, -53)

[node name="platform28" parent="World/SmallPlatforms" instance=ExtResource("13_rp6e8")]
transform = Transform3D(0.866025, 0, -0.5, 0, 1, 0, 0.5, 0, 0.866025, -42, 16, -50)

[node name="platform12" parent="World/SmallPlatforms" instance=ExtResource("13_rp6e8")]
transform = Transform3D(0.866026, -0.5, 1.49012e-08, -0.5, -0.866025, 4.47035e-08, 0, -2.98023e-08, -1, -24.7559, 8.92285, -62.5)

[node name="platform13" parent="World/SmallPlatforms" instance=ExtResource("13_rp6e8")]
transform = Transform3D(0.866026, -0.5, 1.49012e-08, -0.5, -0.866025, 4.47035e-08, 0, -2.98023e-08, -1, -26.2559, 9.77285, -62.5)

[node name="platform14" parent="World/SmallPlatforms" instance=ExtResource("13_rp6e8")]
transform = Transform3D(0.866026, -0.5, 1.49012e-08, -0.5, -0.866025, 4.47035e-08, 0, -2.98023e-08, -1, -27.8098, 10.6679, -62.5)

[node name="platform15" parent="World/SmallPlatforms" instance=ExtResource("13_rp6e8")]
transform = Transform3D(0.866026, -0.5, 1.49012e-08, -0.5, -0.866025, 4.47035e-08, 0, -2.98023e-08, -1, -29.3098, 11.5179, -62.5)

[node name="platform16" parent="World/SmallPlatforms" instance=ExtResource("13_rp6e8")]
transform = Transform3D(0.866026, -0.5, 1.49012e-08, -0.5, -0.866025, 4.47035e-08, 0, -2.98023e-08, -1, -30.8589, 12.4116, -62.5)

[node name="platform17" parent="World/SmallPlatforms" instance=ExtResource("13_rp6e8")]
transform = Transform3D(0.866026, -0.5, 1.49012e-08, -0.5, -0.866025, 4.47035e-08, 0, -2.98023e-08, -1, -32.3589, 13.2616, -62.5)

[node name="platform19" parent="World/SmallPlatforms" instance=ExtResource("13_rp6e8")]
transform = Transform3D(-3.78552e-08, -7.94663e-09, -1, -0.5, -0.866025, 4.47035e-08, -0.866026, 0.5, 2.88102e-08, -67.9066, 14.9228, -65.3023)

[node name="platform20" parent="World/SmallPlatforms" instance=ExtResource("13_rp6e8")]
transform = Transform3D(-3.78552e-08, -7.94663e-09, -1, -0.5, -0.866025, 4.47035e-08, -0.866026, 0.5, 2.88102e-08, -67.9066, 15.7728, -63.8023)

[node name="platform21" parent="World/SmallPlatforms" instance=ExtResource("13_rp6e8")]
transform = Transform3D(-3.78552e-08, -7.94663e-09, -1, -0.5, -0.866025, 4.47035e-08, -0.866026, 0.5, 2.88102e-08, -67.9066, 16.6679, -62.2484)

[node name="platform22" parent="World/SmallPlatforms" instance=ExtResource("13_rp6e8")]
transform = Transform3D(-3.78552e-08, -7.94663e-09, -1, -0.5, -0.866025, 4.47035e-08, -0.866026, 0.5, 2.88102e-08, -67.9066, 17.5179, -60.7484)

[node name="platform23" parent="World/SmallPlatforms" instance=ExtResource("13_rp6e8")]
transform = Transform3D(-3.78552e-08, -7.94663e-09, -1, -0.5, -0.866025, 4.47035e-08, -0.866026, 0.5, 2.88102e-08, -67.9066, 18.4116, -59.1993)

[node name="platform24" parent="World/SmallPlatforms" instance=ExtResource("13_rp6e8")]
transform = Transform3D(-3.78552e-08, -7.94663e-09, -1, -0.5, -0.866025, 4.47035e-08, -0.866026, 0.5, 2.88102e-08, -67.9066, 19.2616, -57.6993)

[node name="platform25" parent="World/SmallPlatforms" instance=ExtResource("13_rp6e8")]
transform = Transform3D(-3.78552e-08, -7.94663e-09, -1, -0.5, -0.866025, 4.47035e-08, -0.866026, 0.5, 2.88102e-08, -67.9066, 20.1539, -56.1488)

[node name="platform36" parent="World/SmallPlatforms" instance=ExtResource("13_rp6e8")]
transform = Transform3D(-3.78552e-08, -7.94663e-09, -1, -0.5, -0.866025, 4.47035e-08, -0.866026, 0.5, 2.88102e-08, -152.907, 23.9228, -108.302)

[node name="platform37" parent="World/SmallPlatforms" instance=ExtResource("13_rp6e8")]
transform = Transform3D(-3.78552e-08, -7.94663e-09, -1, -0.5, -0.866025, 4.47035e-08, -0.866026, 0.5, 2.88102e-08, -152.907, 24.7728, -106.802)

[node name="platform38" parent="World/SmallPlatforms" instance=ExtResource("13_rp6e8")]
transform = Transform3D(-3.78552e-08, -7.94663e-09, -1, -0.5, -0.866025, 4.47035e-08, -0.866026, 0.5, 2.88102e-08, -152.907, 25.6679, -105.248)

[node name="platform39" parent="World/SmallPlatforms" instance=ExtResource("13_rp6e8")]
transform = Transform3D(-3.78552e-08, -7.94663e-09, -1, -0.5, -0.866025, 4.47035e-08, -0.866026, 0.5, 2.88102e-08, -152.907, 26.5179, -103.748)

[node name="platform40" parent="World/SmallPlatforms" instance=ExtResource("13_rp6e8")]
transform = Transform3D(-3.78552e-08, -7.94663e-09, -1, -0.5, -0.866025, 4.47035e-08, -0.866026, 0.5, 2.88102e-08, -152.907, 27.4116, -102.199)

[node name="platform41" parent="World/SmallPlatforms" instance=ExtResource("13_rp6e8")]
transform = Transform3D(-3.78552e-08, -7.94663e-09, -1, -0.5, -0.866025, 4.47035e-08, -0.866026, 0.5, 2.88102e-08, -152.907, 28.2616, -100.699)

[node name="platform42" parent="World/SmallPlatforms" instance=ExtResource("13_rp6e8")]
transform = Transform3D(-3.78552e-08, -7.94663e-09, -1, -0.5, -0.866025, 4.47035e-08, -0.866026, 0.5, 2.88102e-08, -152.907, 29.1539, -99.1488)

[node name="platform11" parent="World/SmallPlatforms" instance=ExtResource("13_rp6e8")]
transform = Transform3D(1, 0, 0, 0, 1, 0, 0, 0, 1, -24, 4, -31)

[node name="platform9" parent="World/SmallPlatforms" instance=ExtResource("13_rp6e8")]
transform = Transform3D(0.717166, 0, -0.696903, 0, 1, 0, 0.696903, 0, 0.717166, 29.9457, 3.15296, 5.0365)

[node name="platform8" parent="World/SmallPlatforms" instance=ExtResource("13_rp6e8")]
transform = Transform3D(0.98534, 0, 0.170605, 0, 1, 0, -0.170605, 0, 0.98534, 28.3393, 4.06614, 5.95493)

[node name="platform2" parent="World/SmallPlatforms" instance=ExtResource("13_rp6e8")]
transform = Transform3D(1, 0, 0, 0, 1, 0, 0, 0, 1, 16.5188, 2.20613, -1.4)

[node name="platform3" parent="World/SmallPlatforms" instance=ExtResource("13_rp6e8")]
transform = Transform3D(1, 0, 0, 0, 1, 0, 0, 0, 1, 14.4998, 2.20613, -1.4)

[node name="platform4" parent="World/SmallPlatforms" instance=ExtResource("13_rp6e8")]
transform = Transform3D(1, 0, 0, 0, 1, 0, 0, 0, 1, 12.484, 2.20613, -1.4)

[node name="platform5" parent="World/SmallPlatforms" instance=ExtResource("13_rp6e8")]
transform = Transform3D(1, 0, 0, 0, 1, 0, 0, 0, 1, 10.484, 2.20613, -1.4)

[node name="platform6" parent="World/SmallPlatforms" instance=ExtResource("13_rp6e8")]
transform = Transform3D(1, 0, 0, 0, 1, 0, 0, 0, 1, 10.484, 2.20613, -3.4)

[node name="platform7" parent="World/SmallPlatforms" instance=ExtResource("13_rp6e8")]
transform = Transform3D(1, 0, 0, 0, 1, 0, 0, 0, 1, 10.484, 2.20613, -5.4)

[node name="LargePlatforms" type="Node" parent="World"]

[node name="platform-large" parent="World/LargePlatforms" instance=ExtResource("5_xy2od")]
transform = Transform3D(1, 0, 0, 0, 1, 0, 0, 0, 1, 30.516, 2.11817, -1.1764)

[node name="platform-large2" parent="World/LargePlatforms" instance=ExtResource("5_xy2od")]
transform = Transform3D(1, 0, 0, 0, 1, 0, 0, 0, 1, 10.5165, 2.20127, -8.90485)

[node name="platform-large3" parent="World/LargePlatforms" instance=ExtResource("5_xy2od")]
transform = Transform3D(1, 0, 0, 0, 1, 0, 0, 0, 1, -21.883, 4, -12)

[node name="platform-large4" parent="World/LargePlatforms" instance=ExtResource("5_xy2od")]
transform = Transform3D(1, 0, 0, 0, 1, 0, 0, 0, 1, -26.883, 4, -12)

[node name="platform-large5" parent="World/LargePlatforms" instance=ExtResource("5_xy2od")]
transform = Transform3D(1, 0, 0, 0, 1, 0, 0, 0, 1, -21.883, 4, -17)

[node name="platform-large6" parent="World/LargePlatforms" instance=ExtResource("5_xy2od")]
transform = Transform3D(1, 0, 0, 0, 1, 0, 0, 0, 1, -26.883, 4, -17)

[node name="platform-large11" parent="World/LargePlatforms" instance=ExtResource("5_xy2od")]
transform = Transform3D(1, 0, 0, 0, 1, 0, 0, 0, 1, -21.883, 4.5, -22)

[node name="platform-large12" parent="World/LargePlatforms" instance=ExtResource("5_xy2od")]
transform = Transform3D(1, 0, 0, 0, 1, 0, 0, 0, 1, -26.883, 4.5, -22)

[node name="platform-large13" parent="World/LargePlatforms" instance=ExtResource("5_xy2od")]
transform = Transform3D(1, 0, 0, 0, 1, 0, 0, 0, 1, -21.883, 4, -22)

[node name="platform-large14" parent="World/LargePlatforms" instance=ExtResource("5_xy2od")]
transform = Transform3D(1, 0, 0, 0, 1, 0, 0, 0, 1, -26.883, 4, -22)

[node name="platform-large9" parent="World/LargePlatforms" instance=ExtResource("5_xy2od")]
transform = Transform3D(1, 0, 0, 0, 1, 0, 0, 0, 1, -21.883, 5, -27)

[node name="platform-large10" parent="World/LargePlatforms" instance=ExtResource("5_xy2od")]
transform = Transform3D(1, 0, 0, 0, 1, 0, 0, 0, 1, -26.883, 5, -27)

[node name="platform-large17" parent="World/LargePlatforms" instance=ExtResource("5_xy2od")]
transform = Transform3D(1, 0, 0, 0, 1, 0, 0, 0, 1, -21.883, 6, -32)

[node name="platform-large18" parent="World/LargePlatforms" instance=ExtResource("5_xy2od")]
transform = Transform3D(1, 0, 0, 0, 1, 0, 0, 0, 1, -26.883, 6, -32)

[node name="platform-large23" parent="World/LargePlatforms" instance=ExtResource("5_xy2od")]
transform = Transform3D(1, 0, 0, 0, 1, 0, 0, 0, 1, -21.883, 6, -37)

[node name="platform-large25" parent="World/LargePlatforms" instance=ExtResource("5_xy2od")]
transform = Transform3D(1, 0, 0, 0, 1, 0, 0, 0, 1, -22, 8, -56)

[node name="platform-large26" parent="World/LargePlatforms" instance=ExtResource("5_xy2od")]
transform = Transform3D(1, 0, 0, 0, 1, 0, 0, 0, 1, -27, 8, -56)

[node name="platform-large27" parent="World/LargePlatforms" instance=ExtResource("5_xy2od")]
transform = Transform3D(1, 0, 0, 0, 1, 0, 0, 0, 1, -22, 8, -61)

[node name="platform-large28" parent="World/LargePlatforms" instance=ExtResource("5_xy2od")]
transform = Transform3D(1, 0, 0, 0, 1, 0, 0, 0, 1, -27, 8, -61)

[node name="platform-large31" parent="World/LargePlatforms" instance=ExtResource("5_xy2od")]
transform = Transform3D(0.999997, 0.00201201, -0.00128535, -0.00201067, 0.999997, 0.00103208, 0.00128743, -0.00102948, 0.999999, -35.6462, 13.1972, -62)

[node name="platform-large32" parent="World/LargePlatforms" instance=ExtResource("5_xy2od")]
transform = Transform3D(1, 0, 0, 0, 1, 0, 0, 0, 1, -40.6462, 13.1972, -62)

[node name="platform-large33" parent="World/LargePlatforms" instance=ExtResource("5_xy2od")]
transform = Transform3D(1, 0, 0, 0, 1, 0, 0, 0, 1, -45.6462, 13.1972, -62)

[node name="platform-large34" parent="World/LargePlatforms" instance=ExtResource("5_xy2od")]
transform = Transform3D(1, 0, 0, 0, 1, 0, 0, 0, 1, -79.6462, 19.1972, -115)

[node name="platform-large36" parent="World/LargePlatforms" instance=ExtResource("5_xy2od")]
transform = Transform3D(1, 0, 0, 0, 1, 0, 0, 0, 1, -84.6462, 19.1972, -115)

[node name="platform-large37" parent="World/LargePlatforms" instance=ExtResource("5_xy2od")]
transform = Transform3D(1, 0, 0, 0, 1, 0, 0, 0, 1, -100.646, 23.1972, -114)

[node name="platform-large38" parent="World/LargePlatforms" instance=ExtResource("5_xy2od")]
transform = Transform3D(1, 0, 0, 0, 1, 0, 0, 0, 1, -105.646, 23.1972, -114)

[node name="platform-large46" parent="World/LargePlatforms" instance=ExtResource("5_xy2od")]
transform = Transform3D(1, 0, 0, 0, 1, 0, 0, 0, 1, -130.646, 20, -114)

[node name="platform-large35" parent="World/LargePlatforms" instance=ExtResource("5_xy2od")]
transform = Transform3D(1, 0, 0, 0, 1, 0, 0, 0, 1, -74.6462, 19.1972, -115)

[node name="platform-large29" parent="World/LargePlatforms" instance=ExtResource("5_xy2od")]
transform = Transform3D(1, 0, 0, 0, 1, 0, 0, 0, 1, -22, 8, -66)

[node name="platform-large30" parent="World/LargePlatforms" instance=ExtResource("5_xy2od")]
transform = Transform3D(1, 0, 0, 0, 1, 0, 0, 0, 1, -27, 8, -66)

[node name="platform-large24" parent="World/LargePlatforms" instance=ExtResource("5_xy2od")]
transform = Transform3D(1, 0, 0, 0, 1, 0, 0, 0, 1, -26.883, 6, -37)

[node name="platform-large19" parent="World/LargePlatforms" instance=ExtResource("5_xy2od")]
transform = Transform3D(1, 0, 0, 0, 1, 0, 0, 0, 1, -21.883, 5.5, -32)

[node name="platform-large20" parent="World/LargePlatforms" instance=ExtResource("5_xy2od")]
transform = Transform3D(1, 0, 0, 0, 1, 0, 0, 0, 1, -26.883, 5.5, -32)

[node name="platform-large21" parent="World/LargePlatforms" instance=ExtResource("5_xy2od")]
transform = Transform3D(1, 0, 0, 0, 1, 0, 0, 0, 1, -21.883, 5, -32)

[node name="platform-large22" parent="World/LargePlatforms" instance=ExtResource("5_xy2od")]
transform = Transform3D(1, 0, 0, 0, 1, 0, 0, 0, 1, -26.883, 5, -32)

[node name="platform-large15" parent="World/LargePlatforms" instance=ExtResource("5_xy2od")]
transform = Transform3D(1, 0, 0, 0, 1, 0, 0, 0, 1, -21.883, 4.5, -27)

[node name="platform-large16" parent="World/LargePlatforms" instance=ExtResource("5_xy2od")]
transform = Transform3D(1, 0, 0, 0, 1, 0, 0, 0, 1, -26.883, 4.5, -27)

[node name="Environment" type="Node" parent="World"]

[node name="cube8" parent="World/Environment" instance=ExtResource("18_v0xje")]
transform = Transform3D(1, 0, 0, 0, 1, 0, 0, 0, 1, 1.5495, 1.10741, -2.666)

[node name="cube9" parent="World/Environment" instance=ExtResource("18_v0xje")]
transform = Transform3D(1.27593, -0.401864, 0.422933, 0.471408, 1.30937, -0.178025, -0.343721, 0.304009, 1.32582, 3.33538, 1.37146, -4.1932)

[node name="cube10" parent="World/Environment" instance=ExtResource("18_v0xje")]
transform = Transform3D(1.32811, 0.370441, 0.259369, -0.293866, 1.3186, -0.37854, -0.34372, 0.30401, 1.32582, -10.5752, 2.03819, -7.93707)

[node name="cube11" parent="World/Environment" instance=ExtResource("18_v0xje")]
transform = Transform3D(0.476646, 0.924607, 0.941422, -0.929853, 0.945559, -0.457882, -0.93624, -0.468385, 0.934042, -11.1815, 2.03819, 9.2812)

[node name="cube12" parent="World/Environment" instance=ExtResource("18_v0xje")]
transform = Transform3D(-1.02876, -0.695523, 0.652886, -0.929853, 0.945557, -0.457881, -0.213027, -0.768461, -1.15432, -10.9158, 2.79508, 11.515)

[node name="cube13" parent="World/Environment" instance=ExtResource("18_v0xje")]
transform = Transform3D(1.56209, -1.37982, 1.71508, 1.97375, 1.80907, -0.342241, -0.974547, 1.4522, 2.05595, -14.3045, 2.03819, -8.24191)

[node name="cube14" parent="World/Environment" instance=ExtResource("18_v0xje")]
transform = Transform3D(1.56209, -1.37982, 1.71508, 1.97375, 1.80907, -0.342241, -0.974547, 1.4522, 2.05595, -15.866, 2.03819, 7.83702)

[node name="Checkpoints" type="Node" parent="World"]

[node name="checkpoint" parent="World/Checkpoints" instance=ExtResource("12_dc7kb")]
transform = Transform3D(1, 0, 0, 0, 1, 0, 0, 0, 1, 30.7408, 2.80471, -1.40497)

[node name="checkpoint2" parent="World/Checkpoints" instance=ExtResource("12_dc7kb")]
transform = Transform3D(1, 0, 0, 0, 1, 0, 0, 0, 1, 10.7408, 2.80471, -1.40497)

[node name="Doors" type="Node" parent="World"]

[node name="door" parent="World/Doors" instance=ExtResource("10_62she")]
transform = Transform3D(-4.37114e-08, 0, 1, 0, 1, 0, -1, 0, -4.37114e-08, 14.8965, 2.71653, -1.4)
look_at_door_when_opens = true

[node name="door2" parent="World/Doors" instance=ExtResource("10_62she")]
transform = Transform3D(1, 0, 1.06581e-14, 0, 1, 0, -1.06581e-14, 0, 1, -24.4, 6.5, -39.4)
look_at_door_when_opens = true

[node name="door3" parent="World/Doors" instance=ExtResource("10_62she")]
transform = Transform3D(-4.37114e-08, 0, 1, 0, 1, 0, -1, 0, -4.37114e-08, -72.2234, 20.5, -61.4)
look_at_door_when_opens = true

[node name="Buttons" type="Node" parent="World"]

[node name="button" parent="World/Buttons" node_paths=PackedStringArray("target") instance=ExtResource("9_45vm6")]
transform = Transform3D(0.997099, 0, 0.0761099, 0, 1, 0, -0.0761099, 0, 0.997099, 25.0803, 4.90807, 6.39096)
target = NodePath("../../MovingObjects/moving_object_path")

[node name="button2" parent="World/Buttons" node_paths=PackedStringArray("target") instance=ExtResource("9_45vm6")]
transform = Transform3D(0.999991, 0, 0.00434586, 0, 1, 0, -0.00434586, 0, 0.999991, 29.13, 2.64299, 0.277611)
target = NodePath("../../Doors/door")

[node name="button3" parent="World/Buttons" node_paths=PackedStringArray("target") instance=ExtResource("9_45vm6")]
transform = Transform3D(0.999991, 0, 0.00434586, 0, 1, 0, -0.00434586, 0, 0.999991, -27.87, 5, -22.722)
target = NodePath("../../Doors/door2")

[node name="button4" parent="World/Buttons" node_paths=PackedStringArray("target") instance=ExtResource("9_45vm6")]
transform = Transform3D(0.999991, 0, 0.00434586, 0, 1, 0, -0.00434586, 0, 0.999991, -39.5594, 16.5, -46.6533)
target = NodePath("../../MovingObjects/moving_object_path2")

[node name="button6" parent="World/Buttons" node_paths=PackedStringArray("target") instance=ExtResource("9_45vm6")]
transform = Transform3D(0.999991, 0, 0.00434586, 0, 1, 0, -0.00434586, 0, 0.999991, -55.5594, 14.5, -53.6533)
target = NodePath("../../MovingObjects/moving_object_path3")

[node name="button5" parent="World/Buttons" node_paths=PackedStringArray("target") instance=ExtResource("9_45vm6")]
transform = Transform3D(0.999991, 0, 0.00434586, 0, 1, 0, -0.00434586, 0, 0.999991, -45.2022, 16.5, -74.9368)
target = NodePath("../../Doors/door3")

[node name="MovingObjects" type="Node" parent="World"]

[node name="platform-moving" parent="World/MovingObjects" instance=ExtResource("4_f3xrd")]
transform = Transform3D(1, 0, 0, 0, 1, 0, 0, 0, 1, 51.4723, 0, 0)

[node name="platform-moving2" parent="World/MovingObjects" instance=ExtResource("4_f3xrd")]
transform = Transform3D(1, 0, 0, 0, 1, 0, 0, 0, 1, -55.5277, 14, -62)

[node name="platform-moving3" parent="World/MovingObjects" instance=ExtResource("4_f3xrd")]
transform = Transform3D(1, 0, 0, 0, 1, 0, 0, 0, 1, -58.5277, 14, -70)

[node name="moving_object_path" parent="World/MovingObjects" node_paths=PackedStringArray("object_to_move") instance=ExtResource("6_kpp2x")]
curve = SubResource("Curve3D_5n82a")
object_to_move = NodePath("../platform-moving")
is_on_from_start = false
ping_pong = true

[node name="moving_object_path2" parent="World/MovingObjects" node_paths=PackedStringArray("object_to_move") instance=ExtResource("6_kpp2x")]
curve = SubResource("Curve3D_vpjpt")
object_to_move = NodePath("../platform-moving2")
movement_speed = 2.0
is_on_from_start = false
ping_pong = true

[node name="moving_object_path3" parent="World/MovingObjects" node_paths=PackedStringArray("object_to_move") instance=ExtResource("6_kpp2x")]
curve = SubResource("Curve3D_hlav2")
object_to_move = NodePath("../platform-moving3")
movement_speed = 2.0
is_on_from_start = false
ping_pong = true

[node name="Walls" type="Node" parent="World"]

[node name="wall" parent="World/Walls" instance=ExtResource("25_gg1wa")]
transform = Transform3D(2, 0, 0, 0, 2, 0, 0, 0, 2, 14.9448, 2.65714, 0.622322)

[node name="wall3" parent="World/Walls" instance=ExtResource("25_gg1wa")]
transform = Transform3D(-8.74228e-08, 0, -2, 0, 2, 0, 2, 0, -8.74228e-08, -26.4, 6.5, -39.5)

[node name="wall4" parent="World/Walls" instance=ExtResource("25_gg1wa")]
transform = Transform3D(-8.74228e-08, 0, -2, 0, 2, 0, 2, 0, -8.74228e-08, -28.4, 6.5, -39.5)

[node name="wall7" parent="World/Walls" instance=ExtResource("25_gg1wa")]
transform = Transform3D(-8.74228e-08, 0, -2, 0, 2, 0, 2, 0, -8.74228e-08, -28.5, 8.5, -64)

[node name="wall22" parent="World/Walls" instance=ExtResource("25_gg1wa")]
transform = Transform3D(2, 0, -2.13163e-14, 0, 2, 0, 2.13163e-14, 0, 2, -29.5, 8.5, -54.5)

[node name="wall23" parent="World/Walls" instance=ExtResource("25_gg1wa")]
transform = Transform3D(2, 0, -2.13163e-14, 0, 2, 0, 2.13163e-14, 0, 2, -29.5, 8.5, -56.5)

